1.000000000000000000e+01 1.667537067530621897e+01 1.000000000000000056e-01
1.100000000000000000e+01 4.432776809798620832e+01 1.000000000000000056e-01
1.200000000000000000e+01 5.533899530693442870e+00 1.000000000000000056e-01
1.300000000000000000e+01 2.328657836005255444e+00 1.000000000000000056e-01
1.400000000000000000e+01 9.935805527484395938e+00 1.000000000000000056e-01
1.500000000000000000e+01 4.433918674723614828e+01 1.000000000000000056e-01
1.600000000000000000e+01 1.392370364436464669e+01 1.000000000000000056e-01
1.700000000000000000e+01 4.526602615570453736e+01 1.000000000000000056e-01
1.800000000000000000e+01 1.013874215368877074e+01 1.000000000000000056e-01
1.900000000000000000e+01 1.799192060190669551e+01 1.000000000000000056e-01
2.000000000000000000e+01 2.698655069401983653e+01 1.000000000000000056e-01
2.100000000000000000e+01 4.019405048041901551e+01 1.000000000000000056e-01
2.200000000000000000e+01 1.014422301133848414e+01 1.000000000000000056e-01
2.300000000000000000e+01 2.372383176138189498e+00 1.000000000000000056e-01
2.400000000000000000e+01 2.533350434597053891e+00 1.000000000000000056e-01
2.500000000000000000e+01 1.896766178114151558e+01 1.000000000000000056e-01
2.600000000000000000e+01 2.092460107089903332e+01 1.000000000000000056e-01
2.700000000000000000e+01 6.645062014497423775e+01 1.000000000000000056e-01
2.800000000000000000e+01 7.978162408000961214e+00 1.000000000000000056e-01
2.900000000000000000e+01 7.775412080153702554e+00 1.000000000000000056e-01
3.000000000000000000e+01 3.448787262700558642e+01 1.000000000000000056e-01
3.100000000000000000e+01 9.101338409840529664e+00 1.000000000000000056e-01
3.200000000000000000e+01 1.040613432150873763e+01 1.000000000000000056e-01
3.300000000000000000e+01 2.717066867921333895e+00 1.000000000000000056e-01
3.400000000000000000e+01 4.965742750591871868e+00 1.000000000000000056e-01
3.500000000000000000e+01 1.648734001066980781e+01 1.000000000000000056e-01
3.600000000000000000e+01 8.795158797253225913e+00 1.000000000000000056e-01
3.700000000000000000e+01 3.199011839716106476e+00 1.000000000000000056e-01
3.800000000000000000e+01 5.913171252398085720e+00 1.000000000000000056e-01
3.900000000000000000e+01 3.742988069959506614e+00 1.000000000000000056e-01
4.000000000000000000e+01 7.597556974462166046e+00 1.000000000000000056e-01
4.100000000000000000e+01 1.430151054334551297e+01 1.000000000000000056e-01
4.200000000000000000e+01 6.313499154721357698e+00 1.000000000000000056e-01
4.300000000000000000e+01 2.528866607494492325e+00 1.000000000000000056e-01
4.400000000000000000e+01 3.371920625270551852e+01 1.000000000000000056e-01
4.500000000000000000e+01 2.916291380042775661e+00 1.000000000000000056e-01
4.600000000000000000e+01 1.656851183710767828e+01 1.000000000000000056e-01
4.700000000000000000e+01 4.380846488814150064e+00 1.000000000000000056e-01
4.800000000000000000e+01 1.698150281995295074e+01 1.000000000000000056e-01
4.900000000000000000e+01 1.479322394456143464e+01 1.000000000000000056e-01
5.000000000000000000e+01 4.816433956183767684e+00 1.000000000000000056e-01
5.100000000000000000e+01 2.252658646289870337e+00 1.000000000000000056e-01
5.200000000000000000e+01 4.396549342222563439e+00 1.000000000000000056e-01
5.300000000000000000e+01 3.773557320421393690e+00 1.000000000000000056e-01
5.400000000000000000e+01 6.927839647934172618e+00 1.000000000000000056e-01
5.500000000000000000e+01 7.124346458241523017e+00 1.000000000000000056e-01
5.600000000000000000e+01 5.932148763454650364e+00 1.000000000000000056e-01
5.700000000000000000e+01 4.367598266605352109e+00 1.000000000000000056e-01
5.800000000000000000e+01 8.024309739065794034e+00 1.000000000000000056e-01
5.900000000000000000e+01 1.115592892933353220e+01 1.000000000000000056e-01
6.000000000000000000e+01 8.097332735299580975e+00 1.000000000000000056e-01
6.100000000000000000e+01 1.077731751937021443e+01 1.000000000000000056e-01
6.200000000000000000e+01 1.023402642178453448e+01 1.000000000000000056e-01
6.300000000000000000e+01 1.210125596802232195e+01 1.000000000000000056e-01
6.400000000000000000e+01 1.324491520429867641e+01 1.000000000000000056e-01
6.500000000000000000e+01 1.525621400117875304e+01 1.000000000000000056e-01
6.600000000000000000e+01 1.565665820239100725e+01 1.000000000000000056e-01
6.700000000000000000e+01 1.852295126891340615e+01 1.000000000000000056e-01
6.800000000000000000e+01 1.989977678573012554e+01 1.000000000000000056e-01
6.900000000000000000e+01 2.129519469290135447e+01 1.000000000000000056e-01
7.000000000000000000e+01 2.262943063727033888e+01 1.000000000000000056e-01
7.100000000000000000e+01 1.434530453408296324e+01 1.000000000000000056e-01
7.200000000000000000e+01 1.004888807866423761e+01 1.000000000000000056e-01
7.300000000000000000e+01 2.178996856753212086e+01 1.000000000000000056e-01
7.400000000000000000e+01 2.318374160744246737e+01 1.000000000000000056e-01
7.500000000000000000e+01 1.988275515877834465e+01 1.000000000000000056e-01
7.600000000000000000e+01 2.127256018211838651e+01 1.000000000000000056e-01
7.700000000000000000e+01 1.884298625021219564e+01 1.000000000000000056e-01
7.800000000000000000e+01 5.521380656687782995e+00 1.000000000000000056e-01
7.900000000000000000e+01 2.071132546112990624e+01 1.000000000000000056e-01
8.000000000000000000e+01 1.815934616928007728e+01 1.000000000000000056e-01
8.100000000000000000e+01 1.936755365156066233e+01 1.000000000000000056e-01
8.200000000000000000e+01 1.794766244145325729e+01 1.000000000000000056e-01
8.300000000000000000e+01 1.920363398663352683e+01 1.000000000000000056e-01
8.400000000000000000e+01 2.035374347976607723e+01 1.000000000000000056e-01
8.500000000000000000e+01 2.168760300342577452e+01 1.000000000000000056e-01
8.600000000000000000e+01 2.256907323021317069e+01 1.000000000000000056e-01
8.700000000000000000e+01 2.340395634975213568e+01 1.000000000000000056e-01
8.800000000000000000e+01 2.440447887278268624e+01 1.000000000000000056e-01
8.900000000000000000e+01 2.471829055059834346e+01 1.000000000000000056e-01
9.000000000000000000e+01 2.582526869131294944e+01 1.000000000000000056e-01
9.100000000000000000e+01 2.507098652258008542e+01 1.000000000000000056e-01
9.200000000000000000e+01 2.627540753716675681e+01 1.000000000000000056e-01
9.300000000000000000e+01 2.685449591403869007e+01 1.000000000000000056e-01
9.400000000000000000e+01 2.577509113007457842e+01 1.000000000000000056e-01
9.500000000000000000e+01 2.646574742375461398e+01 1.000000000000000056e-01
9.600000000000000000e+01 2.480304129696888893e+01 1.000000000000000056e-01
9.700000000000000000e+01 2.561566702599378331e+01 1.000000000000000056e-01
9.800000000000000000e+01 2.423155918786086715e+01 1.000000000000000056e-01
9.900000000000000000e+01 2.514311550709126308e+01 1.000000000000000056e-01
1.000000000000000000e+02 2.519668806962589969e+01 1.000000000000000056e-01
1.010000000000000000e+02 2.305800069390069496e+01 1.000000000000000056e-01
1.020000000000000000e+02 3.798212304169893416e-01 1.000000000000000056e-01
1.030000000000000000e+02 2.009642594752776290e+01 1.000000000000000056e-01
1.040000000000000000e+02 2.044784593529830019e+01 1.000000000000000056e-01
1.050000000000000000e+02 1.797898712286631806e+01 1.000000000000000056e-01
1.060000000000000000e+02 1.846511487420837128e+01 1.000000000000000056e-01
1.070000000000000000e+02 1.584025794043056301e+01 1.000000000000000056e-01
1.080000000000000000e+02 1.215804307218231095e+01 1.000000000000000056e-01
1.090000000000000000e+02 8.652718444575722145e+00 1.000000000000000056e-01
1.100000000000000000e+02 4.834416771266946000e+01 1.000000000000000056e-01
1.110000000000000000e+02 5.030177674445361191e+01 1.000000000000000056e-01
1.120000000000000000e+02 5.030118890417836042e+01 1.000000000000000056e-01
1.130000000000000000e+02 1.960580862950460457e+01 1.000000000000000056e-01
1.140000000000000000e+02 2.471672462462292330e+01 1.000000000000000056e-01
1.150000000000000000e+02 2.201547969770424018e+01 1.000000000000000056e-01
1.160000000000000000e+02 1.145964191892018924e+01 1.000000000000000056e-01
1.170000000000000000e+02 8.822792950107054111e+00 1.000000000000000056e-01
1.180000000000000000e+02 1.373968498419654338e+01 1.000000000000000056e-01
1.190000000000000000e+02 1.102687632695118758e+01 1.000000000000000056e-01
1.200000000000000000e+02 4.356698832776679353e+00 1.000000000000000056e-01
1.210000000000000000e+02 8.039543081864893637e+00 1.000000000000000056e-01
1.220000000000000000e+02 4.567867627553415133e+00 1.000000000000000056e-01
1.230000000000000000e+02 9.503178822178817153e-01 1.000000000000000056e-01
1.240000000000000000e+02 3.532763327767744599e+00 1.000000000000000056e-01
1.250000000000000000e+02 8.596485805354134868e+00 1.000000000000000056e-01
1.260000000000000000e+02 7.557586259200117951e+00 1.000000000000000056e-01
1.270000000000000000e+02 5.659915895330765778e+00 1.000000000000000056e-01
1.280000000000000000e+02 7.081197246335102058e+00 1.000000000000000056e-01
1.290000000000000000e+02 8.393439715457548189e+00 1.000000000000000056e-01
1.300000000000000000e+02 4.223685938185849409e+01 1.000000000000000056e-01
1.310000000000000000e+02 4.488490696447394157e+01 1.000000000000000056e-01
1.320000000000000000e+02 4.286374663496125237e+01 1.000000000000000056e-01
1.330000000000000000e+02 4.057249869569950107e+01 1.000000000000000056e-01
1.340000000000000000e+02 3.127648885850205218e+01 1.000000000000000056e-01
1.350000000000000000e+02 3.458609499007990706e+01 1.000000000000000056e-01
1.360000000000000000e+02 3.180641003233153441e+01 1.000000000000000056e-01
1.370000000000000000e+02 3.530584356391351264e+01 1.000000000000000056e-01
1.380000000000000000e+02 2.787494174241334477e+01 1.000000000000000056e-01
1.390000000000000000e+02 6.827737750571962749e+01 1.000000000000000056e-01
1.400000000000000000e+02 6.847774156234478937e+01 1.000000000000000056e-01
1.410000000000000000e+02 6.902563009676771344e+01 1.000000000000000056e-01
1.420000000000000000e+02 7.068794162827481387e+01 1.000000000000000056e-01
1.430000000000000000e+02 7.177544671251416730e+01 1.000000000000000056e-01
1.440000000000000000e+02 7.253187475710356580e+01 1.000000000000000056e-01
1.450000000000000000e+02 7.372307260031379883e+01 1.000000000000000056e-01
1.460000000000000000e+02 7.451404424135786542e+01 1.000000000000000056e-01
1.470000000000000000e+02 7.880558725785567731e+01 1.000000000000000056e-01
1.480000000000000000e+02 7.808504693101836835e+01 1.000000000000000056e-01
1.490000000000000000e+02 7.859770178730931889e+01 1.000000000000000056e-01
1.500000000000000000e+02 7.914344007392655556e+01 1.000000000000000056e-01
1.510000000000000000e+02 8.350626561597918851e+01 1.000000000000000056e-01
1.520000000000000000e+02 7.879037008597825320e+01 1.000000000000000056e-01
1.530000000000000000e+02 7.857830299719626055e+01 1.000000000000000056e-01
1.540000000000000000e+02 8.338151944895352585e+01 1.000000000000000056e-01
1.550000000000000000e+02 8.364809454329993343e+01 1.000000000000000056e-01
1.560000000000000000e+02 8.671565014280210448e+01 1.000000000000000056e-01
1.570000000000000000e+02 5.361912729970811142e+01 1.000000000000000056e-01
1.580000000000000000e+02 7.143386995537605344e+01 1.000000000000000056e-01
1.590000000000000000e+02 2.970794784506407105e+00 1.000000000000000056e-01
1.600000000000000000e+02 5.085504196705212365e+01 1.000000000000000056e-01
1.610000000000000000e+02 7.597947163243291868e+01 1.000000000000000056e-01
1.620000000000000000e+02 7.772860072098036710e+01 1.000000000000000056e-01
1.630000000000000000e+02 7.231227000914920211e+01 1.000000000000000056e-01
1.640000000000000000e+02 7.324874284814089265e+01 1.000000000000000056e-01
1.650000000000000000e+02 4.369388202876510974e+01 1.000000000000000056e-01
1.660000000000000000e+02 8.360407385767207700e+01 1.000000000000000056e-01
1.670000000000000000e+02 8.411581628736661287e+01 1.000000000000000056e-01
1.680000000000000000e+02 8.416804523274788608e+01 1.000000000000000056e-01
1.690000000000000000e+02 8.423505737513265501e+01 1.000000000000000056e-01
1.700000000000000000e+02 8.428652775522482443e+01 1.000000000000000056e-01
1.710000000000000000e+02 8.388295891770546575e+01 1.000000000000000056e-01
1.720000000000000000e+02 8.052782564045728009e+01 1.000000000000000056e-01
1.730000000000000000e+02 3.228906688246942025e+01 1.000000000000000056e-01
1.740000000000000000e+02 6.157563650876826955e+01 1.000000000000000056e-01
1.750000000000000000e+02 2.527905589685612853e+01 1.000000000000000056e-01
1.760000000000000000e+02 2.165100690287040308e+01 1.000000000000000056e-01
1.770000000000000000e+02 5.389902232175244734e+01 1.000000000000000056e-01
1.780000000000000000e+02 5.583587831056186701e+01 1.000000000000000056e-01
1.790000000000000000e+02 4.950659751563500777e+01 1.000000000000000056e-01
1.800000000000000000e+02 5.177629591539902520e+01 1.000000000000000056e-01
1.810000000000000000e+02 4.690355174597100785e+01 1.000000000000000056e-01
1.820000000000000000e+02 7.776882792892678253e+01 1.000000000000000056e-01
1.830000000000000000e+02 7.680062211022601559e+01 1.000000000000000056e-01
1.840000000000000000e+02 7.617094846776200256e+01 1.000000000000000056e-01
1.850000000000000000e+02 7.538170270267558237e+01 1.000000000000000056e-01
1.860000000000000000e+02 7.388578214815819933e+01 1.000000000000000056e-01
1.870000000000000000e+02 7.144706372955650409e+01 1.000000000000000056e-01
1.880000000000000000e+02 6.758884006793573462e+01 1.000000000000000056e-01
1.890000000000000000e+02 6.330657720385369203e+01 1.000000000000000056e-01
1.900000000000000000e+02 5.847047919816169781e+01 1.000000000000000056e-01
1.910000000000000000e+02 4.270982183330390569e+01 1.000000000000000056e-01
1.920000000000000000e+02 4.241773746874051199e+01 1.000000000000000056e-01
1.930000000000000000e+02 4.070381771728042253e+01 1.000000000000000056e-01
1.940000000000000000e+02 4.142645246191138142e+01 1.000000000000000056e-01
1.950000000000000000e+02 3.960787934540466892e+01 1.000000000000000056e-01
1.960000000000000000e+02 4.035767389459665111e+01 1.000000000000000056e-01
1.970000000000000000e+02 3.818932772600663128e+01 1.000000000000000056e-01
1.980000000000000000e+02 3.897682513609142063e+01 1.000000000000000056e-01
1.990000000000000000e+02 6.069399966783448264e+01 1.000000000000000056e-01
2.000000000000000000e+02 6.002931285701656350e+01 1.000000000000000056e-01
2.010000000000000000e+02 5.913741370521102425e+01 1.000000000000000056e-01
2.020000000000000000e+02 5.862487187144697742e+01 1.000000000000000056e-01
2.030000000000000000e+02 5.835412148965209411e+01 1.000000000000000056e-01
2.040000000000000000e+02 5.790582006625545120e+01 1.000000000000000056e-01
2.050000000000000000e+02 5.712010806399391072e+01 1.000000000000000056e-01
2.060000000000000000e+02 5.669682848071845882e+01 1.000000000000000056e-01
2.070000000000000000e+02 5.692809282938736715e+01 1.000000000000000056e-01
2.080000000000000000e+02 3.649241790811354491e+01 1.000000000000000056e-01
2.090000000000000000e+02 3.669788944845067391e+01 1.000000000000000056e-01
2.100000000000000000e+02 3.631080036831367153e+01 1.000000000000000056e-01
2.110000000000000000e+02 3.494408524341818634e+01 1.000000000000000056e-01
2.120000000000000000e+02 3.458078312913841756e+01 1.000000000000000056e-01
2.130000000000000000e+02 3.422651675150291339e+01 1.000000000000000056e-01
2.140000000000000000e+02 3.294753607718617872e+01 1.000000000000000056e-01
2.150000000000000000e+02 3.259885769349984486e+01 1.000000000000000056e-01
2.160000000000000000e+02 3.172897267932951593e+01 1.000000000000000056e-01
2.170000000000000000e+02 3.132272681240533174e+01 1.000000000000000056e-01
2.180000000000000000e+02 3.006378525275600566e+01 1.000000000000000056e-01
2.190000000000000000e+02 2.441044466173321581e+01 1.000000000000000056e-01
2.200000000000000000e+02 2.978937645915410570e+01 1.000000000000000056e-01
2.210000000000000000e+02 2.526715130026975231e+01 1.000000000000000056e-01
2.220000000000000000e+02 2.088377339339021788e+01 1.000000000000000056e-01
2.230000000000000000e+02 1.800181989600566723e+01 1.000000000000000056e-01
2.240000000000000000e+02 1.492189752934822877e+01 1.000000000000000056e-01
2.250000000000000000e+02 5.637712661684832938e+01 1.000000000000000056e-01
2.260000000000000000e+02 5.396338434323044453e+01 1.000000000000000056e-01
2.270000000000000000e+02 4.996878027380184051e+01 1.000000000000000056e-01
2.280000000000000000e+02 4.553663631196885575e+01 1.000000000000000056e-01
2.290000000000000000e+02 4.063812686075044667e+01 1.000000000000000056e-01
2.300000000000000000e+02 3.523273212334407845e+01 1.000000000000000056e-01
2.310000000000000000e+02 2.974055486181109842e+01 1.000000000000000056e-01
2.320000000000000000e+02 2.522640713579578176e+01 1.000000000000000056e-01
2.330000000000000000e+02 2.079533242967959339e+01 1.000000000000000056e-01
2.340000000000000000e+02 2.012906550735551292e+01 1.000000000000000056e-01
2.350000000000000000e+02 2.109440838617203440e+01 1.000000000000000056e-01
2.360000000000000000e+02 2.079339737272718480e+01 1.000000000000000056e-01
2.370000000000000000e+02 2.108033081354430038e+01 1.000000000000000056e-01
2.380000000000000000e+02 2.079191939055353444e+01 1.000000000000000056e-01
2.390000000000000000e+02 2.088368690446123921e+01 1.000000000000000056e-01
2.400000000000000000e+02 2.061106185924926848e+01 1.000000000000000056e-01
2.410000000000000000e+02 2.200902758883054844e+01 1.000000000000000056e-01
2.420000000000000000e+02 2.181193879912247624e+01 1.000000000000000056e-01
2.430000000000000000e+02 2.146518532443436911e+01 1.000000000000000056e-01
2.440000000000000000e+02 2.125989765206074011e+01 1.000000000000000056e-01
2.450000000000000000e+02 5.369958450780865178e+01 1.000000000000000056e-01
2.460000000000000000e+02 5.333277982909326909e+01 1.000000000000000056e-01
2.470000000000000000e+02 5.294411687095775676e+01 1.000000000000000056e-01
2.480000000000000000e+02 5.241009739583388694e+01 1.000000000000000056e-01
2.490000000000000000e+02 5.232311043269913142e+01 1.000000000000000056e-01
2.500000000000000000e+02 5.246263300936022489e+01 1.000000000000000056e-01
2.510000000000000000e+02 2.247524145861383005e+01 1.000000000000000056e-01
2.520000000000000000e+02 2.243768127030924830e+01 1.000000000000000056e-01
2.530000000000000000e+02 1.809478203099875060e+01 1.000000000000000056e-01
2.540000000000000000e+02 2.209269810899633768e+01 1.000000000000000056e-01
2.550000000000000000e+02 2.622898297978190030e+01 1.000000000000000056e-01
2.560000000000000000e+02 2.161662705780750571e+01 1.000000000000000056e-01
2.570000000000000000e+02 2.578574735580260935e+01 1.000000000000000056e-01
2.580000000000000000e+02 2.098468216270118702e+01 1.000000000000000056e-01
2.590000000000000000e+02 2.511540811502903026e+01 1.000000000000000056e-01
2.600000000000000000e+02 6.225917646980015974e+01 1.000000000000000056e-01
2.610000000000000000e+02 5.901430899196924429e+01 1.000000000000000056e-01
2.620000000000000000e+02 5.797845774194274782e+01 1.000000000000000056e-01
2.630000000000000000e+02 6.017214533924145314e+01 1.000000000000000056e-01
2.640000000000000000e+02 5.917554760978079997e+01 1.000000000000000056e-01
2.650000000000000000e+02 5.795159237286302556e+01 1.000000000000000056e-01
2.660000000000000000e+02 5.897929880244623746e+01 1.000000000000000056e-01
2.670000000000000000e+02 6.045955612891405195e+01 1.000000000000000056e-01
2.680000000000000000e+02 2.697568416377685807e+01 1.000000000000000056e-01
2.690000000000000000e+02 2.540238257619449058e+01 1.000000000000000056e-01
2.700000000000000000e+02 2.429249577472107546e+01 1.000000000000000056e-01
2.710000000000000000e+02 2.348360834362368266e+01 1.000000000000000056e-01
2.720000000000000000e+02 2.219532175524265227e+01 1.000000000000000056e-01
2.730000000000000000e+02 2.122097525248344141e+01 1.000000000000000056e-01
2.740000000000000000e+02 2.020473619104882701e+01 1.000000000000000056e-01
2.750000000000000000e+02 1.927463111076125912e+01 1.000000000000000056e-01
2.760000000000000000e+02 1.656432168655442894e+01 1.000000000000000056e-01
2.770000000000000000e+02 6.852836070119664669e+01 1.000000000000000056e-01
2.780000000000000000e+02 6.864298812706086039e+01 1.000000000000000056e-01
2.790000000000000000e+02 6.931674777202744053e+01 1.000000000000000056e-01
2.800000000000000000e+02 6.947973883808685969e+01 1.000000000000000056e-01
2.810000000000000000e+02 6.944492715608843980e+01 1.000000000000000056e-01
2.820000000000000000e+02 6.965490747572465580e+01 1.000000000000000056e-01
2.830000000000000000e+02 6.943588449417283925e+01 1.000000000000000056e-01
2.840000000000000000e+02 6.897145534127596989e+01 1.000000000000000056e-01
2.850000000000000000e+02 6.773170896713253342e+01 1.000000000000000056e-01
2.860000000000000000e+02 3.163818427908462283e+01 1.000000000000000056e-01
2.870000000000000000e+02 3.591650471684209123e+01 1.000000000000000056e-01
2.880000000000000000e+02 2.914817457059621120e+01 1.000000000000000056e-01
2.890000000000000000e+02 3.340962774820907555e+01 1.000000000000000056e-01
2.900000000000000000e+02 2.697015126405221608e+01 1.000000000000000056e-01
2.910000000000000000e+02 3.118869675396245356e+01 1.000000000000000056e-01
2.920000000000000000e+02 4.177300495193276930e+01 1.000000000000000056e-01
2.930000000000000000e+02 2.296736661464931828e+01 1.000000000000000056e-01
2.940000000000000000e+02 3.085705451895109519e+01 1.000000000000000056e-01
2.950000000000000000e+02 1.265044117691071612e+01 1.000000000000000056e-01
2.960000000000000000e+02 4.163928125972903871e+01 1.000000000000000056e-01
2.970000000000000000e+02 4.860858472501466565e+01 1.000000000000000056e-01
2.980000000000000000e+02 4.834632283406300957e+01 1.000000000000000056e-01
2.990000000000000000e+02 6.598233668881273672e+01 1.000000000000000056e-01
3.000000000000000000e+02 6.506114833323397306e+01 1.000000000000000056e-01
