1.000000000000000000e+01 7.464108977792177768e+01 1.000000000000000056e-01
1.100000000000000000e+01 6.651799585989169827e+01 1.000000000000000056e-01
1.200000000000000000e+01 5.185165581550313618e+01 1.000000000000000056e-01
1.300000000000000000e+01 6.016369331638384210e+01 1.000000000000000056e-01
1.400000000000000000e+01 5.227488242121557960e+01 1.000000000000000056e-01
1.500000000000000000e+01 4.288375849655972161e+01 1.000000000000000056e-01
1.600000000000000000e+01 3.466598493291439809e+01 1.000000000000000056e-01
1.700000000000000000e+01 2.765115844463571193e+01 1.000000000000000056e-01
1.800000000000000000e+01 2.528272601862045121e+01 1.000000000000000056e-01
1.900000000000000000e+01 2.083554875305435417e+01 1.000000000000000056e-01
2.000000000000000000e+01 2.173548174031247981e+01 1.000000000000000056e-01
2.100000000000000000e+01 2.286896822711105415e+01 1.000000000000000056e-01
2.200000000000000000e+01 2.025641946486757661e+01 1.000000000000000056e-01
2.300000000000000000e+01 2.288179072625962363e+01 1.000000000000000056e-01
2.400000000000000000e+01 1.468905487979054669e+01 1.000000000000000056e-01
2.500000000000000000e+01 1.968631894140594341e+01 1.000000000000000056e-01
2.600000000000000000e+01 1.794608572121114776e+01 1.000000000000000056e-01
2.700000000000000000e+01 1.409529460801167922e+01 1.000000000000000056e-01
2.800000000000000000e+01 2.850972865529729461e+01 1.000000000000000056e-01
2.900000000000000000e+01 6.541465308119144062e+00 1.000000000000000056e-01
3.000000000000000000e+01 2.592309607060781218e+01 1.000000000000000056e-01
3.100000000000000000e+01 1.734005314966907463e+01 1.000000000000000056e-01
3.200000000000000000e+01 2.207526210392870780e+01 1.000000000000000056e-01
3.300000000000000000e+01 2.848362004445789353e+01 1.000000000000000056e-01
3.400000000000000000e+01 1.440918792472776744e+01 1.000000000000000056e-01
3.500000000000000000e+01 3.060395761300969752e+01 1.000000000000000056e-01
3.600000000000000000e+01 1.792546075164830555e+01 1.000000000000000056e-01
3.700000000000000000e+01 4.098644475597757264e+01 1.000000000000000056e-01
3.800000000000000000e+01 1.702259657121727798e+01 1.000000000000000056e-01
3.900000000000000000e+01 1.993241434086121444e+01 1.000000000000000056e-01
4.000000000000000000e+01 2.189737739939621974e+01 1.000000000000000056e-01
4.100000000000000000e+01 2.847730432614991258e+01 1.000000000000000056e-01
4.200000000000000000e+01 1.673532120142522217e+01 1.000000000000000056e-01
4.300000000000000000e+01 9.065204857570090979e+00 1.000000000000000056e-01
4.400000000000000000e+01 1.878979930878557525e+01 1.000000000000000056e-01
4.500000000000000000e+01 2.984322184309528225e+01 1.000000000000000056e-01
4.600000000000000000e+01 1.990986598125628504e+01 1.000000000000000056e-01
4.700000000000000000e+01 3.948826528905549793e+01 1.000000000000000056e-01
4.800000000000000000e+01 7.593028592966635237e+00 1.000000000000000056e-01
4.900000000000000000e+01 3.317925149789642347e+01 1.000000000000000056e-01
5.000000000000000000e+01 2.805150752871300313e+01 1.000000000000000056e-01
5.100000000000000000e+01 2.159809307652514931e+01 1.000000000000000056e-01
5.200000000000000000e+01 2.370037948831958019e+01 1.000000000000000056e-01
5.300000000000000000e+01 1.961067181373398682e+01 1.000000000000000056e-01
5.400000000000000000e+01 6.980308404137003375e-01 1.000000000000000056e-01
5.500000000000000000e+01 2.365273699111296679e+01 1.000000000000000056e-01
5.600000000000000000e+01 2.902715036359991174e+01 1.000000000000000056e-01
5.700000000000000000e+01 3.305950443434064567e+01 1.000000000000000056e-01
5.800000000000000000e+01 2.872740537532239458e+01 1.000000000000000056e-01
5.900000000000000000e+01 3.256461840744586311e+01 1.000000000000000056e-01
6.000000000000000000e+01 3.211214513982660890e+01 1.000000000000000056e-01
6.100000000000000000e+01 3.083554690726768399e+01 1.000000000000000056e-01
6.200000000000000000e+01 2.777552694786213650e+01 1.000000000000000056e-01
6.300000000000000000e+01 2.463039601291038494e+01 1.000000000000000056e-01
6.400000000000000000e+01 2.221295300147351881e+01 1.000000000000000056e-01
6.500000000000000000e+01 2.015829207435102433e+01 1.000000000000000056e-01
6.600000000000000000e+01 3.187604445335368197e+01 1.000000000000000056e-01
6.700000000000000000e+01 2.745767702034720159e+01 1.000000000000000056e-01
6.800000000000000000e+01 3.071193150684169737e+01 1.000000000000000056e-01
6.900000000000000000e+01 2.584773651677743800e+01 1.000000000000000056e-01
7.000000000000000000e+01 3.557309350545096294e+01 1.000000000000000056e-01
7.100000000000000000e+01 3.388100121654468921e+01 1.000000000000000056e-01
7.200000000000000000e+01 2.919331620631399105e+01 1.000000000000000056e-01
7.300000000000000000e+01 1.976500124654561574e+01 1.000000000000000056e-01
7.400000000000000000e+01 2.731356235304265212e+01 1.000000000000000056e-01
7.500000000000000000e+01 3.014428546319113877e+01 1.000000000000000056e-01
7.600000000000000000e+01 2.593139999143636842e+01 1.000000000000000056e-01
7.700000000000000000e+01 2.878293964172374331e+01 1.000000000000000056e-01
7.800000000000000000e+01 2.430690313837285643e+01 1.000000000000000056e-01
7.900000000000000000e+01 2.720118351984799077e+01 1.000000000000000056e-01
8.000000000000000000e+01 4.977956455612596898e+01 1.000000000000000056e-01
8.100000000000000000e+01 4.870001352338449863e+01 1.000000000000000056e-01
8.200000000000000000e+01 4.713139490436580559e+01 1.000000000000000056e-01
8.300000000000000000e+01 4.547498236377948899e+01 1.000000000000000056e-01
8.400000000000000000e+01 4.378831528524412420e+01 1.000000000000000056e-01
8.500000000000000000e+01 4.198964599683586130e+01 1.000000000000000056e-01
8.600000000000000000e+01 3.939723448495119129e+01 1.000000000000000056e-01
8.700000000000000000e+01 2.412997027674263251e+01 1.000000000000000056e-01
8.800000000000000000e+01 2.708559797575220429e+01 1.000000000000000056e-01
8.900000000000000000e+01 2.237240873162746624e+01 1.000000000000000056e-01
9.000000000000000000e+01 2.537259397989630827e+01 1.000000000000000056e-01
9.100000000000000000e+01 2.789090163739140138e+01 1.000000000000000056e-01
9.200000000000000000e+01 2.338329381041881305e+01 1.000000000000000056e-01
9.300000000000000000e+01 2.640497360747372113e+01 1.000000000000000056e-01
9.400000000000000000e+01 2.169478988402127584e+01 1.000000000000000056e-01
9.500000000000000000e+01 2.477787548449176214e+01 1.000000000000000056e-01
9.600000000000000000e+01 3.980720697551052467e+01 1.000000000000000056e-01
9.700000000000000000e+01 3.854015555795206183e+01 1.000000000000000056e-01
9.800000000000000000e+01 3.720231958003333261e+01 1.000000000000000056e-01
9.900000000000000000e+01 3.579450614380868245e+01 1.000000000000000056e-01
1.000000000000000000e+02 3.427942456884460398e+01 1.000000000000000056e-01
1.010000000000000000e+02 3.264134769380443402e+01 1.000000000000000056e-01
1.020000000000000000e+02 3.750225961240764860e+01 1.000000000000000056e-01
1.030000000000000000e+02 3.436010302318882736e+01 1.000000000000000056e-01
1.040000000000000000e+02 1.991482987366310553e+01 1.000000000000000056e-01
1.050000000000000000e+02 1.505897146675822640e+01 1.000000000000000056e-01
1.060000000000000000e+02 1.823135439974338823e+01 1.000000000000000056e-01
1.070000000000000000e+02 2.065066569989716427e+01 1.000000000000000056e-01
1.080000000000000000e+02 1.700489877308647735e+01 1.000000000000000056e-01
1.090000000000000000e+02 1.948999973144869458e+01 1.000000000000000056e-01
1.100000000000000000e+02 1.582065018522620647e+01 1.000000000000000056e-01
1.110000000000000000e+02 1.836736108430928027e+01 1.000000000000000056e-01
1.120000000000000000e+02 1.705761051401256978e+01 1.000000000000000056e-01
1.130000000000000000e+02 2.913465386606364049e+01 1.000000000000000056e-01
1.140000000000000000e+02 2.774206287482699196e+01 1.000000000000000056e-01
1.150000000000000000e+02 2.624375196171601488e+01 1.000000000000000056e-01
1.160000000000000000e+02 2.461626392069704039e+01 1.000000000000000056e-01
1.170000000000000000e+02 2.287130964710619452e+01 1.000000000000000056e-01
1.180000000000000000e+02 4.012628304506055343e+01 1.000000000000000056e-01
1.190000000000000000e+02 4.005250762035378642e+01 1.000000000000000056e-01
1.200000000000000000e+02 3.875446551445062937e+01 1.000000000000000056e-01
1.210000000000000000e+02 3.398290162513958990e+01 1.000000000000000056e-01
1.220000000000000000e+02 3.070036502403610967e+01 1.000000000000000056e-01
1.230000000000000000e+02 2.720991487155960087e+01 1.000000000000000056e-01
1.240000000000000000e+02 2.353793563136163414e+01 1.000000000000000056e-01
1.250000000000000000e+02 1.952283402233220500e+01 1.000000000000000056e-01
1.260000000000000000e+02 2.204935555676991044e+01 1.000000000000000056e-01
1.270000000000000000e+02 2.416583432539297149e+01 1.000000000000000056e-01
1.280000000000000000e+02 2.111812779134556095e+01 1.000000000000000056e-01
1.290000000000000000e+02 2.330857590081673436e+01 1.000000000000000056e-01
1.300000000000000000e+02 1.156540447426414175e+01 1.000000000000000056e-01
1.310000000000000000e+02 2.398960632674932114e+01 1.000000000000000056e-01
1.320000000000000000e+02 2.253025023352505229e+01 1.000000000000000056e-01
1.330000000000000000e+02 2.497681677085408580e+01 1.000000000000000056e-01
1.340000000000000000e+02 2.640797960212080397e+01 1.000000000000000056e-01
1.350000000000000000e+02 2.672282161246937449e+01 1.000000000000000056e-01
1.360000000000000000e+02 2.819150855038597570e+01 1.000000000000000056e-01
1.370000000000000000e+02 2.852609036018913002e+01 1.000000000000000056e-01
1.380000000000000000e+02 3.003148299437406266e+01 1.000000000000000056e-01
1.390000000000000000e+02 2.999057025783934094e+01 1.000000000000000056e-01
1.400000000000000000e+02 2.928105905868108749e+01 1.000000000000000056e-01
1.410000000000000000e+02 2.845753261980723536e+01 1.000000000000000056e-01
1.420000000000000000e+02 2.774150652389286620e+01 1.000000000000000056e-01
1.430000000000000000e+02 2.676244870709403045e+01 1.000000000000000056e-01
1.440000000000000000e+02 2.593641113163044309e+01 1.000000000000000056e-01
1.450000000000000000e+02 2.519628717690132547e+01 1.000000000000000056e-01
1.460000000000000000e+02 2.494646989433685746e+01 1.000000000000000056e-01
1.470000000000000000e+02 1.477248243332960698e+01 1.000000000000000056e-01
1.480000000000000000e+02 3.165380397197095519e+01 1.000000000000000056e-01
1.490000000000000000e+02 2.769519536342104260e+01 1.000000000000000056e-01
1.500000000000000000e+02 2.460771177116756192e+01 1.000000000000000056e-01
1.510000000000000000e+02 2.476694126837894316e+01 1.000000000000000056e-01
1.520000000000000000e+02 2.492114985443544484e+01 1.000000000000000056e-01
1.530000000000000000e+02 2.513414897225160161e+01 1.000000000000000056e-01
1.540000000000000000e+02 2.529741997845247425e+01 1.000000000000000056e-01
1.550000000000000000e+02 2.577011087003618428e+01 1.000000000000000056e-01
1.560000000000000000e+02 1.589187297761166739e+01 1.000000000000000056e-01
1.570000000000000000e+02 1.472299252696677208e+01 1.000000000000000056e-01
1.580000000000000000e+02 1.346501882843760356e+01 1.000000000000000056e-01
1.590000000000000000e+02 1.213105483497753312e+01 1.000000000000000056e-01
1.600000000000000000e+02 1.071121092146190179e+01 1.000000000000000056e-01
1.610000000000000000e+02 4.036910268373048893e+00 1.000000000000000056e-01
1.620000000000000000e+02 5.839840022802036401e+00 1.000000000000000056e-01
1.630000000000000000e+02 5.669244465174855918e+00 1.000000000000000056e-01
1.640000000000000000e+02 3.672197718201696937e+00 1.000000000000000056e-01
1.650000000000000000e+02 2.633069886083476518e+01 1.000000000000000056e-01
1.660000000000000000e+02 2.638183671550151388e+01 1.000000000000000056e-01
1.670000000000000000e+02 2.649019365928958791e+01 1.000000000000000056e-01
1.680000000000000000e+02 2.633483895331868396e+01 1.000000000000000056e-01
1.690000000000000000e+02 2.624029729147481049e+01 1.000000000000000056e-01
1.700000000000000000e+02 2.587322748361822278e+01 1.000000000000000056e-01
1.710000000000000000e+02 2.529235645384902043e+01 1.000000000000000056e-01
1.720000000000000000e+02 2.456755837559794386e+01 1.000000000000000056e-01
1.730000000000000000e+02 2.916801325832604164e+01 1.000000000000000056e-01
1.740000000000000000e+02 2.972617820452309090e+01 1.000000000000000056e-01
1.750000000000000000e+02 3.064605827168418273e+01 1.000000000000000056e-01
1.760000000000000000e+02 3.175627312074738740e+01 1.000000000000000056e-01
1.770000000000000000e+02 3.189690886878508991e+01 1.000000000000000056e-01
1.780000000000000000e+02 3.276202736819617911e+01 1.000000000000000056e-01
1.790000000000000000e+02 3.290653040761040415e+01 1.000000000000000056e-01
1.800000000000000000e+02 3.396663625618811011e+01 1.000000000000000056e-01
1.810000000000000000e+02 3.456690144449947155e+01 1.000000000000000056e-01
1.820000000000000000e+02 2.641322939222905219e+01 1.000000000000000056e-01
1.830000000000000000e+02 2.542495573475573778e+01 1.000000000000000056e-01
1.840000000000000000e+02 2.427750667084060510e+01 1.000000000000000056e-01
1.850000000000000000e+02 2.291025619498865851e+01 1.000000000000000056e-01
1.860000000000000000e+02 2.630422570529799842e+01 1.000000000000000056e-01
1.870000000000000000e+02 2.495372784186905690e+01 1.000000000000000056e-01
1.880000000000000000e+02 2.330373457443841545e+01 1.000000000000000056e-01
1.890000000000000000e+02 2.182492369918139730e+01 1.000000000000000056e-01
1.900000000000000000e+02 2.068610024389937152e+01 1.000000000000000056e-01
1.910000000000000000e+02 1.693307036304799240e+01 1.000000000000000056e-01
1.920000000000000000e+02 1.985185187124465145e+01 1.000000000000000056e-01
1.930000000000000000e+02 1.469927322024527960e+01 1.000000000000000056e-01
1.940000000000000000e+02 1.765486201267106381e+01 1.000000000000000056e-01
1.950000000000000000e+02 4.361577196143370116e+01 1.000000000000000056e-01
1.960000000000000000e+02 4.408848971710106213e+01 1.000000000000000056e-01
1.970000000000000000e+02 4.445931075838500846e+01 1.000000000000000056e-01
1.980000000000000000e+02 4.493632577099134551e+01 1.000000000000000056e-01
1.990000000000000000e+02 4.049913290739734606e+01 1.000000000000000056e-01
2.000000000000000000e+02 3.971094959880842623e+01 1.000000000000000056e-01
2.010000000000000000e+02 3.869197794635968535e+01 1.000000000000000056e-01
2.020000000000000000e+02 3.757272800369622701e+01 1.000000000000000056e-01
2.030000000000000000e+02 3.648938102569973552e+01 1.000000000000000056e-01
2.040000000000000000e+02 3.520201606966622165e+01 1.000000000000000056e-01
2.050000000000000000e+02 3.363445969432933680e+01 1.000000000000000056e-01
2.060000000000000000e+02 3.227243586063687530e+01 1.000000000000000056e-01
2.070000000000000000e+02 3.125330689301639708e+01 1.000000000000000056e-01
2.080000000000000000e+02 4.895214597871112261e+01 1.000000000000000056e-01
2.090000000000000000e+02 4.941003489370739743e+01 1.000000000000000056e-01
2.100000000000000000e+02 4.938874805523823142e+01 1.000000000000000056e-01
2.110000000000000000e+02 4.974586870511155468e+01 1.000000000000000056e-01
2.120000000000000000e+02 4.974075689002349066e+01 1.000000000000000056e-01
2.130000000000000000e+02 5.012633742794512415e+01 1.000000000000000056e-01
2.140000000000000000e+02 5.013643746438625470e+01 1.000000000000000056e-01
2.150000000000000000e+02 5.056689358677689228e+01 1.000000000000000056e-01
2.160000000000000000e+02 5.103706065875882558e+01 1.000000000000000056e-01
2.170000000000000000e+02 5.214312428053818138e+01 1.000000000000000056e-01
2.180000000000000000e+02 5.218390095486010694e+01 1.000000000000000056e-01
2.190000000000000000e+02 5.263367667001057271e+01 1.000000000000000056e-01
2.200000000000000000e+02 5.131610242782386422e+01 1.000000000000000056e-01
2.210000000000000000e+02 4.727503852475717849e+01 1.000000000000000056e-01
2.220000000000000000e+02 4.324807275726378464e+01 1.000000000000000056e-01
2.230000000000000000e+02 3.927224724105400355e+01 1.000000000000000056e-01
2.240000000000000000e+02 3.543897244247529699e+01 1.000000000000000056e-01
2.250000000000000000e+02 1.049080425344681622e+01 1.000000000000000056e-01
2.260000000000000000e+02 7.646278392846801886e+00 1.000000000000000056e-01
2.270000000000000000e+02 4.711130628192826464e+00 1.000000000000000056e-01
2.280000000000000000e+02 7.005104109806840285e+00 1.000000000000000056e-01
2.290000000000000000e+02 3.018940484019185355e+00 1.000000000000000056e-01
2.300000000000000000e+02 5.322177533078573219e+00 1.000000000000000056e-01
2.310000000000000000e+02 1.934688120312046067e+01 1.000000000000000056e-01
2.320000000000000000e+02 5.876239541740049788e+01 1.000000000000000056e-01
2.330000000000000000e+02 5.878586275839216313e+01 1.000000000000000056e-01
2.340000000000000000e+02 5.929354650225826617e+01 1.000000000000000056e-01
2.350000000000000000e+02 5.932941918974841400e+01 1.000000000000000056e-01
2.360000000000000000e+02 6.058202015200907198e+01 1.000000000000000056e-01
2.370000000000000000e+02 6.102510802935641010e+01 1.000000000000000056e-01
2.380000000000000000e+02 6.143689553114188584e+01 1.000000000000000056e-01
2.390000000000000000e+02 6.188626765453047085e+01 1.000000000000000056e-01
2.400000000000000000e+02 6.227063756424805518e+01 1.000000000000000056e-01
2.410000000000000000e+02 6.272817341092459031e+01 1.000000000000000056e-01
2.420000000000000000e+02 6.301561352755064149e+01 1.000000000000000056e-01
2.430000000000000000e+02 6.412318503325907670e+01 1.000000000000000056e-01
2.440000000000000000e+02 6.412145844344870227e+01 1.000000000000000056e-01
2.450000000000000000e+02 6.442332369989482288e+01 1.000000000000000056e-01
2.460000000000000000e+02 6.443289894754998670e+01 1.000000000000000056e-01
2.470000000000000000e+02 6.435712724841413035e+01 1.000000000000000056e-01
2.480000000000000000e+02 6.416379215354497489e+01 1.000000000000000056e-01
2.490000000000000000e+02 6.376858249358768660e+01 1.000000000000000056e-01
2.500000000000000000e+02 6.324928031389755034e+01 1.000000000000000056e-01
2.510000000000000000e+02 4.548813694315762746e+01 1.000000000000000056e-01
2.520000000000000000e+02 4.426932648518473457e+01 1.000000000000000056e-01
2.530000000000000000e+02 4.293963613735950702e+01 1.000000000000000056e-01
2.540000000000000000e+02 4.148207654401830524e+01 1.000000000000000056e-01
2.550000000000000000e+02 3.984905027935582211e+01 1.000000000000000056e-01
2.560000000000000000e+02 3.800875023474929293e+01 1.000000000000000056e-01
2.570000000000000000e+02 3.606413265438005311e+01 1.000000000000000056e-01
2.580000000000000000e+02 3.407773478501474074e+01 1.000000000000000056e-01
2.590000000000000000e+02 3.206656156409182756e+01 1.000000000000000056e-01
2.600000000000000000e+02 6.924942333547733142e+01 1.000000000000000056e-01
2.610000000000000000e+02 6.926620713831403009e+01 1.000000000000000056e-01
2.620000000000000000e+02 7.029529492047699080e+01 1.000000000000000056e-01
2.630000000000000000e+02 7.074011688548954169e+01 1.000000000000000056e-01
2.640000000000000000e+02 7.110280852082574654e+01 1.000000000000000056e-01
2.650000000000000000e+02 6.540210693818545451e+01 1.000000000000000056e-01
2.660000000000000000e+02 5.878061507978335243e+01 1.000000000000000056e-01
2.670000000000000000e+02 5.379714324775119394e+01 1.000000000000000056e-01
2.680000000000000000e+02 4.237616930369661361e+01 1.000000000000000056e-01
2.690000000000000000e+02 3.852180886370149437e+01 1.000000000000000056e-01
2.700000000000000000e+02 3.463986965208927415e+01 1.000000000000000056e-01
2.710000000000000000e+02 3.026438823478355644e+01 1.000000000000000056e-01
2.720000000000000000e+02 2.594793217409966957e+01 1.000000000000000056e-01
2.730000000000000000e+02 2.177303075750236871e+01 1.000000000000000056e-01
2.740000000000000000e+02 1.761409579158227601e+01 1.000000000000000056e-01
2.750000000000000000e+02 1.356382657624076771e+01 1.000000000000000056e-01
2.760000000000000000e+02 9.948922000266007259e+00 1.000000000000000056e-01
2.770000000000000000e+02 1.537730508096255111e+00 1.000000000000000056e-01
2.780000000000000000e+02 1.987557547042587913e+00 1.000000000000000056e-01
2.790000000000000000e+02 1.944275212454655843e+00 1.000000000000000056e-01
2.800000000000000000e+02 2.886382963116068012e+00 1.000000000000000056e-01
2.810000000000000000e+02 7.867049437773273723e+01 1.000000000000000056e-01
2.820000000000000000e+02 7.785049212156438614e+01 1.000000000000000056e-01
2.830000000000000000e+02 7.681148647608681301e+01 1.000000000000000056e-01
2.840000000000000000e+02 7.569441729082596737e+01 1.000000000000000056e-01
2.850000000000000000e+02 7.465462136037938023e+01 1.000000000000000056e-01
2.860000000000000000e+02 5.600022774798637215e+01 1.000000000000000056e-01
2.870000000000000000e+02 5.460078445930928837e+01 1.000000000000000056e-01
2.880000000000000000e+02 2.677512534774069408e+01 1.000000000000000056e-01
2.890000000000000000e+02 2.293371562535565999e+01 1.000000000000000056e-01
2.900000000000000000e+02 2.584638122958605777e+01 1.000000000000000056e-01
2.910000000000000000e+02 2.192817389888935864e+01 1.000000000000000056e-01
2.920000000000000000e+02 2.482931435780263385e+01 1.000000000000000056e-01
2.930000000000000000e+02 2.777162833400629793e+01 1.000000000000000056e-01
2.940000000000000000e+02 2.305619514342552989e+01 1.000000000000000056e-01
2.950000000000000000e+02 2.604245908243423457e+01 1.000000000000000056e-01
2.960000000000000000e+02 2.190418978542538042e+01 1.000000000000000056e-01
2.970000000000000000e+02 2.488557085793003765e+01 1.000000000000000056e-01
2.980000000000000000e+02 2.086745664750911899e+01 1.000000000000000056e-01
2.990000000000000000e+02 2.385604094657943008e+01 1.000000000000000056e-01
3.000000000000000000e+02 2.675874370521756518e+01 1.000000000000000056e-01
