1.000000000000000000e+01 1.162180784073414657e+02 1.000000000000000056e-01
1.100000000000000000e+01 1.181314619399872186e+02 1.000000000000000056e-01
1.200000000000000000e+01 1.133188962583664932e+02 1.000000000000000056e-01
1.300000000000000000e+01 8.913652899303477284e+01 1.000000000000000056e-01
1.400000000000000000e+01 1.018951170393323196e+02 1.000000000000000056e-01
1.500000000000000000e+01 7.597863769251634380e+01 1.000000000000000056e-01
1.600000000000000000e+01 7.469427906784105176e+01 1.000000000000000056e-01
1.700000000000000000e+01 5.566419874493863063e+01 1.000000000000000056e-01
1.800000000000000000e+01 7.878008918888905043e+01 1.000000000000000056e-01
1.900000000000000000e+01 5.655497504178897827e+01 1.000000000000000056e-01
2.000000000000000000e+01 5.208835085053603819e+01 1.000000000000000056e-01
2.100000000000000000e+01 2.492607364759678745e+01 1.000000000000000056e-01
2.200000000000000000e+01 5.184566431526906172e+01 1.000000000000000056e-01
2.300000000000000000e+01 7.002816289848675524e+01 1.000000000000000056e-01
2.400000000000000000e+01 5.490579714958656155e+01 1.000000000000000056e-01
2.500000000000000000e+01 2.985600357441168740e+01 1.000000000000000056e-01
2.600000000000000000e+01 5.235108231795190648e+01 1.000000000000000056e-01
2.700000000000000000e+01 1.133865399967231724e+02 1.000000000000000056e-01
2.800000000000000000e+01 2.704255738616101894e+02 1.000000000000000056e-01
2.900000000000000000e+01 6.541465308119144062e+00 1.000000000000000056e-01
3.000000000000000000e+01 2.501824316183816279e+02 1.000000000000000056e-01
3.100000000000000000e+01 2.415038481760186357e+02 1.000000000000000056e-01
3.200000000000000000e+01 2.131906712811210411e+02 1.000000000000000056e-01
3.300000000000000000e+01 1.403151335206343333e+02 1.000000000000000056e-01
3.400000000000000000e+01 6.505361043745087102e+01 1.000000000000000056e-01
3.500000000000000000e+01 2.143714671349519847e+02 1.000000000000000056e-01
3.600000000000000000e+01 1.529215675951096500e+02 1.000000000000000056e-01
3.700000000000000000e+01 8.920288762564544527e+01 1.000000000000000056e-01
3.800000000000000000e+01 1.953318716158267421e+01 1.000000000000000056e-01
3.900000000000000000e+01 4.476518480507509423e+01 1.000000000000000056e-01
4.000000000000000000e+01 1.506961762280113817e+02 1.000000000000000056e-01
4.100000000000000000e+01 2.380373163457720977e+02 1.000000000000000056e-01
4.200000000000000000e+01 2.227149433191540311e+02 1.000000000000000056e-01
4.300000000000000000e+01 2.100907361201673211e+02 1.000000000000000056e-01
4.400000000000000000e+01 7.001451890449951065e+01 1.000000000000000056e-01
4.500000000000000000e+01 5.395930288046773171e+01 1.000000000000000056e-01
4.600000000000000000e+01 8.761036335695065702e+01 1.000000000000000056e-01
4.700000000000000000e+01 4.039735010282218042e+01 1.000000000000000056e-01
4.800000000000000000e+01 7.593028592966635237e+00 1.000000000000000056e-01
4.900000000000000000e+01 5.250246060000586823e+01 1.000000000000000056e-01
5.000000000000000000e+01 1.444889304640955174e+02 1.000000000000000056e-01
5.100000000000000000e+01 1.475582913467919752e+02 1.000000000000000056e-01
5.200000000000000000e+01 8.190561278170861215e+01 1.000000000000000056e-01
5.300000000000000000e+01 3.817736798347682026e+01 1.000000000000000056e-01
5.400000000000000000e+01 6.980308404137003375e-01 1.000000000000000056e-01
5.500000000000000000e+01 2.655999686348194544e+01 1.000000000000000056e-01
5.600000000000000000e+01 5.242315596188509375e+01 1.000000000000000056e-01
5.700000000000000000e+01 7.673140607790654144e+01 1.000000000000000056e-01
5.800000000000000000e+01 5.619247696983115503e+01 1.000000000000000056e-01
5.900000000000000000e+01 4.415310228811855353e+01 1.000000000000000056e-01
6.000000000000000000e+01 3.460468176771878035e+01 1.000000000000000056e-01
6.100000000000000000e+01 2.137538658906068889e+01 1.000000000000000056e-01
6.200000000000000000e+01 1.571912239703007330e+01 1.000000000000000056e-01
6.300000000000000000e+01 3.359600240894467849e+00 1.000000000000000056e-01
6.400000000000000000e+01 1.829078551062971059e+01 1.000000000000000056e-01
6.500000000000000000e+01 5.978869928190312066e+01 1.000000000000000056e-01
6.600000000000000000e+01 6.358585349115712404e+01 1.000000000000000056e-01
6.700000000000000000e+01 4.739621296783160886e+01 1.000000000000000056e-01
6.800000000000000000e+01 3.547267179563122141e+01 1.000000000000000056e-01
6.900000000000000000e+01 2.584773651677743800e+01 1.000000000000000056e-01
7.000000000000000000e+01 3.957915981337065858e+01 1.000000000000000056e-01
7.100000000000000000e+01 5.582313180078908488e+01 1.000000000000000056e-01
7.200000000000000000e+01 2.919331620631399105e+01 1.000000000000000056e-01
7.300000000000000000e+01 1.976500124654561574e+01 1.000000000000000056e-01
7.400000000000000000e+01 3.213900293730020508e+01 1.000000000000000056e-01
7.500000000000000000e+01 3.981648260212006107e+01 1.000000000000000056e-01
7.600000000000000000e+01 2.821749164888873196e+01 1.000000000000000056e-01
7.700000000000000000e+01 4.164896376197577155e+01 1.000000000000000056e-01
7.800000000000000000e+01 5.369851579746669046e+01 1.000000000000000056e-01
7.900000000000000000e+01 5.723541046734746374e+01 1.000000000000000056e-01
8.000000000000000000e+01 5.537136902394501448e+01 1.000000000000000056e-01
8.100000000000000000e+01 4.539182339204262462e+01 1.000000000000000056e-01
8.200000000000000000e+01 5.764899798592516333e+01 1.000000000000000056e-01
8.300000000000000000e+01 5.417575268008115330e+01 1.000000000000000056e-01
8.400000000000000000e+01 5.740001363942488410e+01 1.000000000000000056e-01
8.500000000000000000e+01 7.829931685958169396e+01 1.000000000000000056e-01
8.600000000000000000e+01 6.331050008333969004e+01 1.000000000000000056e-01
8.700000000000000000e+01 7.497261332044153903e+01 1.000000000000000056e-01
8.800000000000000000e+01 6.134643271756559102e+01 1.000000000000000056e-01
8.900000000000000000e+01 7.300392868527184476e+01 1.000000000000000056e-01
9.000000000000000000e+01 6.352416951122947353e+01 1.000000000000000056e-01
9.100000000000000000e+01 7.525258132005275513e+01 1.000000000000000056e-01
9.200000000000000000e+01 5.100294902693551080e+01 1.000000000000000056e-01
9.300000000000000000e+01 6.271855538788333462e+01 1.000000000000000056e-01
9.400000000000000000e+01 7.363775680633946763e+01 1.000000000000000056e-01
9.500000000000000000e+01 8.953412523972814085e+01 1.000000000000000056e-01
9.600000000000000000e+01 9.193017524312310229e+01 1.000000000000000056e-01
9.700000000000000000e+01 9.079554752820487806e+01 1.000000000000000056e-01
9.800000000000000000e+01 9.364992752203737325e+01 1.000000000000000056e-01
9.900000000000000000e+01 9.174119186260108449e+01 1.000000000000000056e-01
1.000000000000000000e+02 8.862493184365295917e+01 1.000000000000000056e-01
1.010000000000000000e+02 8.856250982989129739e+01 1.000000000000000056e-01
1.020000000000000000e+02 8.201672911945297528e+01 1.000000000000000056e-01
1.030000000000000000e+02 8.011470285344201159e+01 1.000000000000000056e-01
1.040000000000000000e+02 2.001003530768258543e+01 1.000000000000000056e-01
1.050000000000000000e+02 9.864727161598334959e+00 1.000000000000000056e-01
1.060000000000000000e+02 8.372342349870851308e+01 1.000000000000000056e-01
1.070000000000000000e+02 8.547287074219204328e+01 1.000000000000000056e-01
1.080000000000000000e+02 9.209525580818286983e+01 1.000000000000000056e-01
1.090000000000000000e+02 1.012767491019598793e+02 1.000000000000000056e-01
1.100000000000000000e+02 1.088162555486471632e+02 1.000000000000000056e-01
1.110000000000000000e+02 1.178557594868895535e+02 1.000000000000000056e-01
1.120000000000000000e+02 1.268472004630513368e+02 1.000000000000000056e-01
1.130000000000000000e+02 1.348559120273683050e+02 1.000000000000000056e-01
1.140000000000000000e+02 1.427214061842322792e+02 1.000000000000000056e-01
1.150000000000000000e+02 1.458778167938316130e+02 1.000000000000000056e-01
1.160000000000000000e+02 4.577835332383438782e+01 1.000000000000000056e-01
1.170000000000000000e+02 4.591839876766026407e+01 1.000000000000000056e-01
1.180000000000000000e+02 6.472288359854742623e+01 1.000000000000000056e-01
1.190000000000000000e+02 6.126952305681202660e+01 1.000000000000000056e-01
1.200000000000000000e+02 7.927802209938562328e+01 1.000000000000000056e-01
1.210000000000000000e+02 7.431537679394688212e+01 1.000000000000000056e-01
1.220000000000000000e+02 8.964863272816936046e+01 1.000000000000000056e-01
1.230000000000000000e+02 7.890279372875829722e+01 1.000000000000000056e-01
1.240000000000000000e+02 6.860110377743998811e+01 1.000000000000000056e-01
1.250000000000000000e+02 5.924852829269054411e+01 1.000000000000000056e-01
1.260000000000000000e+02 7.622677254199489028e+01 1.000000000000000056e-01
1.270000000000000000e+02 6.667832391989338703e+01 1.000000000000000056e-01
1.280000000000000000e+02 5.860749227223524827e+01 1.000000000000000056e-01
1.290000000000000000e+02 1.195996563115869549e+02 1.000000000000000056e-01
1.300000000000000000e+02 1.469013601395208752e+02 1.000000000000000056e-01
1.310000000000000000e+02 1.278329175786907825e+02 1.000000000000000056e-01
1.320000000000000000e+02 1.286577733959385341e+02 1.000000000000000056e-01
1.330000000000000000e+02 1.196515118067484593e+02 1.000000000000000056e-01
1.340000000000000000e+02 1.138844555706474750e+02 1.000000000000000056e-01
1.350000000000000000e+02 1.046983734528706833e+02 1.000000000000000056e-01
1.360000000000000000e+02 1.008565109151305563e+02 1.000000000000000056e-01
1.370000000000000000e+02 9.151184196710511287e+01 1.000000000000000056e-01
1.380000000000000000e+02 8.498377002720489770e+01 1.000000000000000056e-01
1.390000000000000000e+02 7.640927695579544832e+01 1.000000000000000056e-01
1.400000000000000000e+02 7.040611243880920256e+01 1.000000000000000056e-01
1.410000000000000000e+02 6.236099823936768871e+01 1.000000000000000056e-01
1.420000000000000000e+02 5.864407995431172083e+01 1.000000000000000056e-01
1.430000000000000000e+02 5.205984178931444006e+01 1.000000000000000056e-01
1.440000000000000000e+02 5.632303791691757766e+01 1.000000000000000056e-01
1.450000000000000000e+02 6.287330935083132033e+01 1.000000000000000056e-01
1.460000000000000000e+02 6.434527176752209243e+01 1.000000000000000056e-01
1.470000000000000000e+02 2.835492956742089277e+01 1.000000000000000056e-01
1.480000000000000000e+02 1.882471877549316375e+01 1.000000000000000056e-01
1.490000000000000000e+02 2.121645315372522234e+01 1.000000000000000056e-01
1.500000000000000000e+02 2.969337581422844607e+01 1.000000000000000056e-01
1.510000000000000000e+02 3.697837338783597261e+01 1.000000000000000056e-01
1.520000000000000000e+02 4.091759189311599698e+01 1.000000000000000056e-01
1.530000000000000000e+02 4.864398591646628489e+01 1.000000000000000056e-01
1.540000000000000000e+02 4.594569120084142355e+01 1.000000000000000056e-01
1.550000000000000000e+02 5.382058936446535569e+01 1.000000000000000056e-01
1.560000000000000000e+02 9.941521704898863732e+01 1.000000000000000056e-01
1.570000000000000000e+02 1.019303886133572377e+02 1.000000000000000056e-01
1.580000000000000000e+02 1.057146500069680428e+02 1.000000000000000056e-01
1.590000000000000000e+02 1.062888845870214425e+02 1.000000000000000056e-01
1.600000000000000000e+02 1.106536487302197855e+02 1.000000000000000056e-01
1.610000000000000000e+02 1.120766242705834372e+02 1.000000000000000056e-01
1.620000000000000000e+02 1.100245984525669058e+02 1.000000000000000056e-01
1.630000000000000000e+02 1.117079540099805399e+02 1.000000000000000056e-01
1.640000000000000000e+02 1.080949348723230798e+02 1.000000000000000056e-01
1.650000000000000000e+02 1.093608745539691824e+02 1.000000000000000056e-01
1.660000000000000000e+02 1.060097183992716481e+02 1.000000000000000056e-01
1.670000000000000000e+02 1.061932792493635560e+02 1.000000000000000056e-01
1.680000000000000000e+02 1.055559223232013437e+02 1.000000000000000056e-01
1.690000000000000000e+02 1.065715309463788572e+02 1.000000000000000056e-01
1.700000000000000000e+02 1.072560322579071510e+02 1.000000000000000056e-01
1.710000000000000000e+02 1.108060617934146990e+02 1.000000000000000056e-01
1.720000000000000000e+02 1.111258133133388526e+02 1.000000000000000056e-01
1.730000000000000000e+02 1.150348119235424207e+02 1.000000000000000056e-01
1.740000000000000000e+02 1.161667199415741720e+02 1.000000000000000056e-01
1.750000000000000000e+02 1.142346308614206265e+02 1.000000000000000056e-01
1.760000000000000000e+02 1.156342254873135857e+02 1.000000000000000056e-01
1.770000000000000000e+02 1.114682276802518857e+02 1.000000000000000056e-01
1.780000000000000000e+02 1.133093497922032640e+02 1.000000000000000056e-01
1.790000000000000000e+02 1.094780368247161277e+02 1.000000000000000056e-01
1.800000000000000000e+02 1.098307019573731793e+02 1.000000000000000056e-01
1.810000000000000000e+02 1.086596144050420207e+02 1.000000000000000056e-01
1.820000000000000000e+02 1.068159319472446924e+02 1.000000000000000056e-01
1.830000000000000000e+02 1.059640959094705863e+02 1.000000000000000056e-01
1.840000000000000000e+02 1.003313011200111902e+02 1.000000000000000056e-01
1.850000000000000000e+02 9.996795583507909555e+01 1.000000000000000056e-01
1.860000000000000000e+02 9.200265958041926240e+01 1.000000000000000056e-01
1.870000000000000000e+02 8.168962629789248808e+01 1.000000000000000056e-01
1.880000000000000000e+02 7.372088727726057300e+01 1.000000000000000056e-01
1.890000000000000000e+02 6.448880970658436240e+01 1.000000000000000056e-01
1.900000000000000000e+02 5.416893693958721911e+01 1.000000000000000056e-01
1.910000000000000000e+02 4.286768540471133804e+01 1.000000000000000056e-01
1.920000000000000000e+02 3.179384992055288706e+01 1.000000000000000056e-01
1.930000000000000000e+02 2.099239300503792904e+01 1.000000000000000056e-01
1.940000000000000000e+02 1.219239722334122256e+01 1.000000000000000056e-01
1.950000000000000000e+02 8.204972512079731217e+00 1.000000000000000056e-01
1.960000000000000000e+02 1.422904132925601139e+01 1.000000000000000056e-01
1.970000000000000000e+02 1.361673585980932799e+01 1.000000000000000056e-01
1.980000000000000000e+02 1.989346873346419997e+01 1.000000000000000056e-01
1.990000000000000000e+02 1.867977719581359679e+02 1.000000000000000056e-01
2.000000000000000000e+02 1.990162810302593073e+02 1.000000000000000056e-01
2.010000000000000000e+02 1.772298455486642865e+02 1.000000000000000056e-01
2.020000000000000000e+02 1.894868285662418828e+02 1.000000000000000056e-01
2.030000000000000000e+02 1.966599104312440431e+02 1.000000000000000056e-01
2.040000000000000000e+02 1.833736961161002057e+02 1.000000000000000056e-01
2.050000000000000000e+02 1.909475963560693685e+02 1.000000000000000056e-01
2.060000000000000000e+02 1.780850184958736975e+02 1.000000000000000056e-01
2.070000000000000000e+02 1.856730355437444757e+02 1.000000000000000056e-01
2.080000000000000000e+02 1.759335975048667535e+02 1.000000000000000056e-01
2.090000000000000000e+02 1.835483476857040728e+02 1.000000000000000056e-01
2.100000000000000000e+02 1.899826856641696224e+02 1.000000000000000056e-01
2.110000000000000000e+02 1.904258745773771864e+02 1.000000000000000056e-01
2.120000000000000000e+02 1.969813626928252290e+02 1.000000000000000056e-01
2.130000000000000000e+02 1.941229966430045693e+02 1.000000000000000056e-01
2.140000000000000000e+02 2.008077779156101883e+02 1.000000000000000056e-01
2.150000000000000000e+02 1.963766362315207346e+02 1.000000000000000056e-01
2.160000000000000000e+02 2.031609442051570511e+02 1.000000000000000056e-01
2.170000000000000000e+02 2.091841799116356810e+02 1.000000000000000056e-01
2.180000000000000000e+02 2.089415269543248996e+02 1.000000000000000056e-01
2.190000000000000000e+02 2.146089184801395788e+02 1.000000000000000056e-01
2.200000000000000000e+02 2.077408595667545228e+02 1.000000000000000056e-01
2.210000000000000000e+02 2.136778377743056296e+02 1.000000000000000056e-01
2.220000000000000000e+02 2.230440592341724653e+02 1.000000000000000056e-01
2.230000000000000000e+02 2.116808785597982023e+02 1.000000000000000056e-01
2.240000000000000000e+02 2.041567857694324744e+02 1.000000000000000056e-01
2.250000000000000000e+02 1.956653769280040365e+02 1.000000000000000056e-01
2.260000000000000000e+02 1.898626609262165061e+02 1.000000000000000056e-01
2.270000000000000000e+02 1.904595495920355290e+02 1.000000000000000056e-01
2.280000000000000000e+02 1.899395838857463161e+02 1.000000000000000056e-01
2.290000000000000000e+02 1.906183350029116923e+02 1.000000000000000056e-01
2.300000000000000000e+02 1.939438574331660732e+02 1.000000000000000056e-01
2.310000000000000000e+02 1.985627117755184372e+02 1.000000000000000056e-01
2.320000000000000000e+02 1.961305094856848825e+02 1.000000000000000056e-01
2.330000000000000000e+02 2.008039425267431284e+02 1.000000000000000056e-01
2.340000000000000000e+02 1.981822969751791561e+02 1.000000000000000056e-01
2.350000000000000000e+02 2.029144458538858657e+02 1.000000000000000056e-01
2.360000000000000000e+02 2.042722367875396969e+02 1.000000000000000056e-01
2.370000000000000000e+02 2.016023361124140933e+02 1.000000000000000056e-01
2.380000000000000000e+02 2.020820538461758247e+02 1.000000000000000056e-01
2.390000000000000000e+02 1.943019964270271487e+02 1.000000000000000056e-01
2.400000000000000000e+02 1.939681959754718434e+02 1.000000000000000056e-01
2.410000000000000000e+02 1.862763588292689576e+02 1.000000000000000056e-01
2.420000000000000000e+02 2.107681749490527352e+02 1.000000000000000056e-01
2.430000000000000000e+02 1.968089134463078835e+02 1.000000000000000056e-01
2.440000000000000000e+02 2.001598826209550737e+02 1.000000000000000056e-01
2.450000000000000000e+02 1.836996719769224455e+02 1.000000000000000056e-01
2.460000000000000000e+02 1.875514963120855043e+02 1.000000000000000056e-01
2.470000000000000000e+02 1.759687459269828480e+02 1.000000000000000056e-01
2.480000000000000000e+02 1.806077407323607815e+02 1.000000000000000056e-01
2.490000000000000000e+02 1.699899767124023811e+02 1.000000000000000056e-01
2.500000000000000000e+02 1.735462442450855463e+02 1.000000000000000056e-01
2.510000000000000000e+02 7.625216123817014591e+01 1.000000000000000056e-01
2.520000000000000000e+02 5.521481033159793839e+01 1.000000000000000056e-01
2.530000000000000000e+02 3.417097539827725683e+01 1.000000000000000056e-01
2.540000000000000000e+02 3.781347828189522176e+01 1.000000000000000056e-01
2.550000000000000000e+02 4.226434628315994502e+01 1.000000000000000056e-01
2.560000000000000000e+02 4.514183258665030962e+01 1.000000000000000056e-01
2.570000000000000000e+02 4.368482378538460864e+01 1.000000000000000056e-01
2.580000000000000000e+02 4.658496251487238027e+01 1.000000000000000056e-01
2.590000000000000000e+02 4.404300411258835624e+01 1.000000000000000056e-01
2.600000000000000000e+02 4.705594063815502182e+01 1.000000000000000056e-01
2.610000000000000000e+02 4.722100241996734127e+01 1.000000000000000056e-01
2.620000000000000000e+02 5.126535385046719995e+01 1.000000000000000056e-01
2.630000000000000000e+02 5.437048924363060820e+01 1.000000000000000056e-01
2.640000000000000000e+02 5.025589770783430055e+01 1.000000000000000056e-01
2.650000000000000000e+02 5.333413912434805582e+01 1.000000000000000056e-01
2.660000000000000000e+02 4.944991411645854384e+01 1.000000000000000056e-01
2.670000000000000000e+02 5.254233404674738495e+01 1.000000000000000056e-01
2.680000000000000000e+02 5.350205021274013717e+01 1.000000000000000056e-01
2.690000000000000000e+02 5.680753778126260300e+01 1.000000000000000056e-01
2.700000000000000000e+02 6.067721992811315346e+01 1.000000000000000056e-01
2.710000000000000000e+02 1.968997208900823352e+02 1.000000000000000056e-01
2.720000000000000000e+02 2.012276452420671831e+02 1.000000000000000056e-01
2.730000000000000000e+02 1.980813291283390356e+02 1.000000000000000056e-01
2.740000000000000000e+02 2.025906402648826656e+02 1.000000000000000056e-01
2.750000000000000000e+02 2.003637208818949773e+02 1.000000000000000056e-01
2.760000000000000000e+02 2.051887351809587585e+02 1.000000000000000056e-01
2.770000000000000000e+02 1.864180040204140312e+02 1.000000000000000056e-01
2.780000000000000000e+02 1.856117005554962418e+02 1.000000000000000056e-01
2.790000000000000000e+02 1.796927640778070554e+02 1.000000000000000056e-01
2.800000000000000000e+02 1.791465585631535191e+02 1.000000000000000056e-01
2.810000000000000000e+02 1.705760994004722022e+02 1.000000000000000056e-01
2.820000000000000000e+02 1.707735612172368178e+02 1.000000000000000056e-01
2.830000000000000000e+02 1.585880056290224616e+02 1.000000000000000056e-01
2.840000000000000000e+02 1.588763997466101614e+02 1.000000000000000056e-01
2.850000000000000000e+02 1.520838559751878734e+02 1.000000000000000056e-01
2.860000000000000000e+02 1.787429896324914012e+02 1.000000000000000056e-01
2.870000000000000000e+02 1.779061598104635493e+02 1.000000000000000056e-01
2.880000000000000000e+02 1.782328685140676328e+02 1.000000000000000056e-01
2.890000000000000000e+02 1.764918905234693227e+02 1.000000000000000056e-01
2.900000000000000000e+02 1.734814099185710461e+02 1.000000000000000056e-01
2.910000000000000000e+02 1.697578702454561039e+02 1.000000000000000056e-01
2.920000000000000000e+02 1.658988856509603522e+02 1.000000000000000056e-01
2.930000000000000000e+02 1.591576573890995974e+02 1.000000000000000056e-01
2.940000000000000000e+02 9.959599006415729150e+01 1.000000000000000056e-01
2.950000000000000000e+02 9.965201039971702812e+01 1.000000000000000056e-01
2.960000000000000000e+02 9.936216491862664668e+01 1.000000000000000056e-01
2.970000000000000000e+02 9.840610691475444582e+01 1.000000000000000056e-01
2.980000000000000000e+02 9.752888890944173284e+01 1.000000000000000056e-01
2.990000000000000000e+02 9.674943667928764057e+01 1.000000000000000056e-01
3.000000000000000000e+02 9.691063677401130860e+01 1.000000000000000056e-01
