1.000000000000000021e-03 2.244830872981844436e+02 4.680807294800646723e+00
6.000000000000000125e-03 1.687129393579988346e+02 1.695989664069619707e+01
1.099999999999999936e-02 1.584197456237267545e+02 4.512511868204367005e+00
1.600000000000000033e-02 1.712832267780250959e+02 1.618322373617202103e+01
2.100000000000000130e-02 8.468991214501880904e+01 2.862577949933332366e+00
2.600000000000000228e-02 1.216266954398798106e+02 2.740136688183008040e+00
3.099999999999999978e-02 1.391024672026041458e+02 1.695979815319989203e+00
3.600000000000000422e-02 1.079486133302274595e+02 3.466039869190672196e+00
4.100000000000000172e-02 1.091308813841365009e+02 1.953394142210321816e+00
4.599999999999999922e-02 1.024975049191136804e+02 1.850368435955905833e+00
5.100000000000000366e-02 1.006125033636854624e+02 3.205229158556659019e+00
5.600000000000000117e-02 6.475206263491656955e+01 3.451928811440859057e+00
6.099999999999999867e-02 8.977033954838937291e+01 2.799073108441575641e+00
6.600000000000000311e-02 1.581055011156483658e+02 1.429253851967090760e+00
7.100000000000000755e-02 9.839488151698913043e+01 1.418730024606538187e+00
7.599999999999999811e-02 1.661697867358518010e+02 1.127272978884216847e+00
8.100000000000000255e-02 8.729633650447235027e+01 2.478023999497843910e+00
8.600000000000000699e-02 1.711705149341735819e+02 1.223539722459191514e+00
9.099999999999999756e-02 1.226116395136703829e+02 1.578225021644251269e+00
9.600000000000000200e-02 1.013728675383707412e+02 3.101944723104931523e+00
1.010000000000000064e-01 7.847045263117786362e+01 1.492584373211560456e+00
1.059999999999999970e-01 7.762444332407434899e+01 6.864761092755028438e-01
1.110000000000000014e-01 9.552753116237667541e+01 6.299839624423507756e-01
1.160000000000000059e-01 1.039898851626029312e+02 9.353326307692716446e-01
1.209999999999999964e-01 1.449723496241479950e+02 8.139932458776106827e+00
1.260000000000000009e-01 1.057961307631214822e+02 1.195408113707762787e+00
1.310000000000000053e-01 1.399493224292656919e+02 1.877453774841876477e+00
1.360000000000000098e-01 1.061130168593722942e+02 1.763202792158937937e+00
1.410000000000000142e-01 1.440880459432704868e+02 7.791226267624896673e-01
1.459999999999999909e-01 7.017818063904702797e+01 2.382564041706340507e+00
1.509999999999999953e-01 1.264758721860114292e+02 3.530486064435855553e+00
1.559999999999999998e-01 8.241180338092402735e+01 1.662312386456164193e+00
1.610000000000000042e-01 8.281950289644106533e+01 8.521245752574599930e-01
1.660000000000000087e-01 1.379145192508924538e+02 7.921814338884588524e-01
1.710000000000000131e-01 8.209389087613479319e+01 8.757320845539910970e-01
1.760000000000000175e-01 9.227663135296027974e+01 1.433689019170268475e+00
1.809999999999999942e-01 7.508741222690947836e+01 3.446582262308677258e+00
1.859999999999999987e-01 1.045637932390077935e+02 2.721642648529496888e+00
1.910000000000000031e-01 7.024303113526951847e+01 4.929091456234127477e+00
1.960000000000000075e-01 1.461073686001160183e+02 1.957357279011732398e+00
