1.000000000000000000e+01 3.896916911869828226e+01 1.000000000000000056e-01
1.100000000000000000e+01 1.856945760206970419e+02 1.000000000000000056e-01
1.200000000000000000e+01 8.083121750130369776e+01 1.000000000000000056e-01
1.300000000000000000e+01 2.144109694378121560e+02 1.000000000000000056e-01
1.400000000000000000e+01 2.826195665001418078e+01 1.000000000000000056e-01
1.500000000000000000e+01 2.043883150962025752e+02 1.000000000000000056e-01
1.600000000000000000e+01 2.580578808585441948e+02 1.000000000000000056e-01
1.700000000000000000e+01 1.195063767828116852e+01 1.000000000000000056e-01
1.800000000000000000e+01 2.097438875578340856e+02 1.000000000000000056e-01
1.900000000000000000e+01 1.214175906189734633e+02 1.000000000000000056e-01
2.000000000000000000e+01 3.423260347697065953e+01 1.000000000000000056e-01
2.100000000000000000e+01 4.873618001546851985e+01 1.000000000000000056e-01
2.200000000000000000e+01 3.313054082595286332e+02 1.000000000000000056e-01
2.300000000000000000e+01 5.877769031467378369e+01 1.000000000000000056e-01
2.400000000000000000e+01 6.861024826343275151e+00 1.000000000000000056e-01
2.500000000000000000e+01 3.250133153163683914e+02 1.000000000000000056e-01
2.600000000000000000e+01 1.931742470087158949e+02 1.000000000000000056e-01
2.700000000000000000e+01 2.070598508170708101e+02 1.000000000000000056e-01
2.800000000000000000e+01 1.910361761427480474e+02 1.000000000000000056e-01
2.900000000000000000e+01 2.077191988269511000e+02 1.000000000000000056e-01
3.000000000000000000e+01 1.983039336345269277e+01 1.000000000000000056e-01
3.100000000000000000e+01 1.086333910898646025e+02 1.000000000000000056e-01
3.200000000000000000e+01 3.228830029438101974e+02 1.000000000000000056e-01
3.300000000000000000e+01 2.414398993564884108e+02 1.000000000000000056e-01
3.400000000000000000e+01 9.033340422880105791e+01 1.000000000000000056e-01
3.500000000000000000e+01 2.107188752848867637e+02 1.000000000000000056e-01
3.600000000000000000e+01 2.352750365909987522e+02 1.000000000000000056e-01
3.700000000000000000e+01 2.047699976646752162e+01 1.000000000000000056e-01
3.800000000000000000e+01 1.493369738976678320e+02 1.000000000000000056e-01
3.900000000000000000e+01 1.830900400879248480e+02 1.000000000000000056e-01
4.000000000000000000e+01 6.479580242762312992e+01 1.000000000000000056e-01
4.100000000000000000e+01 5.204463125484065955e+01 1.000000000000000056e-01
4.200000000000000000e+01 2.537804564316875826e+02 1.000000000000000056e-01
4.300000000000000000e+01 2.134492488833301422e+02 1.000000000000000056e-01
4.400000000000000000e+01 1.206549266517476724e+02 1.000000000000000056e-01
4.500000000000000000e+01 3.387509889790952684e+02 1.000000000000000056e-01
4.600000000000000000e+01 2.162517833320913496e+02 1.000000000000000056e-01
4.700000000000000000e+01 3.916919242386512678e+01 1.000000000000000056e-01
4.800000000000000000e+01 1.806373370674720604e+02 1.000000000000000056e-01
4.900000000000000000e+01 2.576320702742561934e+02 1.000000000000000056e-01
5.000000000000000000e+01 1.185660869306832552e+02 1.000000000000000056e-01
5.100000000000000000e+01 3.536127457053775913e+01 1.000000000000000056e-01
5.200000000000000000e+01 1.437343378410736250e+02 1.000000000000000056e-01
5.300000000000000000e+01 1.327948455976906814e+02 1.000000000000000056e-01
5.400000000000000000e+01 1.298590073789316932e+02 1.000000000000000056e-01
5.500000000000000000e+01 5.493723453227099185e+01 1.000000000000000056e-01
5.600000000000000000e+01 5.012901083793630619e+01 1.000000000000000056e-01
5.700000000000000000e+01 7.503311580497347677e+01 1.000000000000000056e-01
5.800000000000000000e+01 3.981513940698752663e+01 1.000000000000000056e-01
5.900000000000000000e+01 4.033094412048224342e+01 1.000000000000000056e-01
6.000000000000000000e+01 8.466509745556354005e+01 1.000000000000000056e-01
6.100000000000000000e+01 2.337150714666098139e+01 1.000000000000000056e-01
6.200000000000000000e+01 1.583946044209651127e+01 1.000000000000000056e-01
6.300000000000000000e+01 4.700270077732746188e+01 1.000000000000000056e-01
6.400000000000000000e+01 7.214498155059733620e+01 1.000000000000000056e-01
6.500000000000000000e+01 6.471228081857533709e+01 1.000000000000000056e-01
6.600000000000000000e+01 3.962593132052987244e+01 1.000000000000000056e-01
6.700000000000000000e+01 3.490014320643881973e+01 1.000000000000000056e-01
6.800000000000000000e+01 2.579082623148780229e+01 1.000000000000000056e-01
6.900000000000000000e+01 1.339417815563537886e+02 1.000000000000000056e-01
7.000000000000000000e+01 1.652631489862089893e+02 1.000000000000000056e-01
7.100000000000000000e+01 7.503281225338344029e+01 1.000000000000000056e-01
7.200000000000000000e+01 1.422506427636299975e+02 1.000000000000000056e-01
7.300000000000000000e+01 1.826994045503528525e+02 1.000000000000000056e-01
7.400000000000000000e+01 1.916239178319480914e+02 1.000000000000000056e-01
7.500000000000000000e+01 2.304443920143452473e+01 1.000000000000000056e-01
7.600000000000000000e+01 8.740705414426197706e+01 1.000000000000000056e-01
7.700000000000000000e+01 5.148887096289968213e+01 1.000000000000000056e-01
7.800000000000000000e+01 5.520327835482453871e+00 1.000000000000000056e-01
7.900000000000000000e+01 6.131555896562195329e+01 1.000000000000000056e-01
8.000000000000000000e+01 1.920527304509226383e+02 1.000000000000000056e-01
8.100000000000000000e+01 1.861997523022725147e+02 1.000000000000000056e-01
8.200000000000000000e+01 1.783654367373324590e+02 1.000000000000000056e-01
8.300000000000000000e+01 4.648932705917950159e+01 1.000000000000000056e-01
8.400000000000000000e+01 1.880659919124724979e+02 1.000000000000000056e-01
8.500000000000000000e+01 1.993973021367485501e+02 1.000000000000000056e-01
8.600000000000000000e+01 1.910662220560621449e+02 1.000000000000000056e-01
8.700000000000000000e+01 1.789856015635177471e+02 1.000000000000000056e-01
8.800000000000000000e+01 1.733376548231248080e+02 1.000000000000000056e-01
8.900000000000000000e+01 1.615824152503919038e+02 1.000000000000000056e-01
9.000000000000000000e+01 3.798760680471210804e+01 1.000000000000000056e-01
9.100000000000000000e+01 1.544581228006742890e+02 1.000000000000000056e-01
9.200000000000000000e+01 3.548445104144294504e+01 1.000000000000000056e-01
9.300000000000000000e+01 9.035408233796310640e+01 1.000000000000000056e-01
9.400000000000000000e+01 1.611746466240933096e+00 1.000000000000000056e-01
9.500000000000000000e+01 9.036384388517384991e+01 1.000000000000000056e-01
9.600000000000000000e+01 4.578640316702259128e+01 1.000000000000000056e-01
9.700000000000000000e+01 8.861774068984065877e+01 1.000000000000000056e-01
9.800000000000000000e+01 7.330396070391817887e+01 1.000000000000000056e-01
9.900000000000000000e+01 7.925064007905886854e+01 1.000000000000000056e-01
1.000000000000000000e+02 5.711226139476746511e+01 1.000000000000000056e-01
1.010000000000000000e+02 6.111971083514256975e+01 1.000000000000000056e-01
1.020000000000000000e+02 2.248568320879987326e+01 1.000000000000000056e-01
1.030000000000000000e+02 7.284415790049663997e+01 1.000000000000000056e-01
1.040000000000000000e+02 4.233573041371392520e+01 1.000000000000000056e-01
1.050000000000000000e+02 4.743479455872184758e+01 1.000000000000000056e-01
1.060000000000000000e+02 8.198361243948379240e+01 1.000000000000000056e-01
1.070000000000000000e+02 1.188356178641728320e+02 1.000000000000000056e-01
1.080000000000000000e+02 2.020783864834729471e+01 1.000000000000000056e-01
1.090000000000000000e+02 1.010039047306698876e+02 1.000000000000000056e-01
1.100000000000000000e+02 5.970872944362088219e+01 1.000000000000000056e-01
1.110000000000000000e+02 7.696848131947423610e+01 1.000000000000000056e-01
1.120000000000000000e+02 8.313597484607510069e+01 1.000000000000000056e-01
1.130000000000000000e+02 1.522356454857298331e+02 1.000000000000000056e-01
1.140000000000000000e+02 1.826833489715414203e+02 1.000000000000000056e-01
1.150000000000000000e+02 1.462516353471636137e+02 1.000000000000000056e-01
1.160000000000000000e+02 1.037896710230833577e+02 1.000000000000000056e-01
1.170000000000000000e+02 1.040032552316029495e+02 1.000000000000000056e-01
1.180000000000000000e+02 1.072379237778748262e+02 1.000000000000000056e-01
1.190000000000000000e+02 1.124045549514633819e+02 1.000000000000000056e-01
1.200000000000000000e+02 1.197077177504903887e+02 1.000000000000000056e-01
1.210000000000000000e+02 1.179629479168560238e+02 1.000000000000000056e-01
1.220000000000000000e+02 1.405578680077240676e+02 1.000000000000000056e-01
1.230000000000000000e+02 1.550144915247564938e+02 1.000000000000000056e-01
1.240000000000000000e+02 1.669667817695838039e+02 1.000000000000000056e-01
1.250000000000000000e+02 1.659895998516772124e+02 1.000000000000000056e-01
1.260000000000000000e+02 1.799899433805485103e+02 1.000000000000000056e-01
1.270000000000000000e+02 1.801996167473862158e+02 1.000000000000000056e-01
1.280000000000000000e+02 1.816049372956662751e+02 1.000000000000000056e-01
1.290000000000000000e+02 2.155802122346271688e+02 1.000000000000000056e-01
1.300000000000000000e+02 1.493150151140717696e+02 1.000000000000000056e-01
1.310000000000000000e+02 1.556420160507393007e+02 1.000000000000000056e-01
1.320000000000000000e+02 1.715326898097781054e+02 1.000000000000000056e-01
1.330000000000000000e+02 1.440766433154500703e+02 1.000000000000000056e-01
1.340000000000000000e+02 1.489243960571210721e+02 1.000000000000000056e-01
1.350000000000000000e+02 1.086625392347040986e+02 1.000000000000000056e-01
1.360000000000000000e+02 1.423733410586819161e+02 1.000000000000000056e-01
1.370000000000000000e+02 1.759705910347362021e+02 1.000000000000000056e-01
1.380000000000000000e+02 1.286083662211481169e+02 1.000000000000000056e-01
1.390000000000000000e+02 1.375149792610516783e+02 1.000000000000000056e-01
1.400000000000000000e+02 7.760361333196954092e+01 1.000000000000000056e-01
1.410000000000000000e+02 1.112349331325303439e+02 1.000000000000000056e-01
1.420000000000000000e+02 7.685485910183459168e+01 1.000000000000000056e-01
1.430000000000000000e+02 1.106295805703636148e+02 1.000000000000000056e-01
1.440000000000000000e+02 8.456847153462368283e+01 1.000000000000000056e-01
1.450000000000000000e+02 1.185358468654539905e+02 1.000000000000000056e-01
1.460000000000000000e+02 1.505135786226022105e+02 1.000000000000000056e-01
1.470000000000000000e+02 1.282474849220663771e+02 1.000000000000000056e-01
1.480000000000000000e+02 1.610128040459684087e+02 1.000000000000000056e-01
1.490000000000000000e+02 1.543792314493528011e+02 1.000000000000000056e-01
1.500000000000000000e+02 1.878232144345408585e+02 1.000000000000000056e-01
1.510000000000000000e+02 1.550086390035104671e+02 1.000000000000000056e-01
1.520000000000000000e+02 1.888491024158792015e+02 1.000000000000000056e-01
1.530000000000000000e+02 1.378112576444416959e+02 1.000000000000000056e-01
1.540000000000000000e+02 1.718082832884961419e+02 1.000000000000000056e-01
1.550000000000000000e+02 1.163034161901128840e+02 1.000000000000000056e-01
1.560000000000000000e+02 6.802056540354287506e+01 1.000000000000000056e-01
1.570000000000000000e+02 1.187205016331062524e+02 1.000000000000000056e-01
1.580000000000000000e+02 1.463487523694290360e+02 1.000000000000000056e-01
1.590000000000000000e+02 9.874407249509411599e+01 1.000000000000000056e-01
1.600000000000000000e+02 1.268372636033461731e+02 1.000000000000000056e-01
1.610000000000000000e+02 1.805794862830053944e+02 1.000000000000000056e-01
1.620000000000000000e+02 2.007482640019779012e+02 1.000000000000000056e-01
1.630000000000000000e+02 1.894807599850060740e+02 1.000000000000000056e-01
1.640000000000000000e+02 1.600200123590276746e+02 1.000000000000000056e-01
1.650000000000000000e+02 2.864392836518198919e+02 1.000000000000000056e-01
1.660000000000000000e+02 2.575141210259077980e+02 1.000000000000000056e-01
1.670000000000000000e+02 2.568707082629709930e+02 1.000000000000000056e-01
1.680000000000000000e+02 2.287071947274677655e+02 1.000000000000000056e-01
1.690000000000000000e+02 2.344871621846899927e+02 1.000000000000000056e-01
1.700000000000000000e+02 2.589073079473899384e+02 1.000000000000000056e-01
1.710000000000000000e+02 2.521378755878698144e+02 1.000000000000000056e-01
1.720000000000000000e+02 2.500135973787130013e+02 1.000000000000000056e-01
1.730000000000000000e+02 1.237021279896583792e+02 1.000000000000000056e-01
1.740000000000000000e+02 1.103679544298040867e+02 1.000000000000000056e-01
1.750000000000000000e+02 9.784019768285499197e+01 1.000000000000000056e-01
1.760000000000000000e+02 1.144350660010531868e+02 1.000000000000000056e-01
1.770000000000000000e+02 1.153743890679414079e+02 1.000000000000000056e-01
1.780000000000000000e+02 1.279907616034727198e+02 1.000000000000000056e-01
1.790000000000000000e+02 1.294767680146357520e+02 1.000000000000000056e-01
1.800000000000000000e+02 1.133643292055620009e+02 1.000000000000000056e-01
1.810000000000000000e+02 1.160443969245220472e+02 1.000000000000000056e-01
1.820000000000000000e+02 1.392631908669318364e+02 1.000000000000000056e-01
1.830000000000000000e+02 1.251584169339816839e+02 1.000000000000000056e-01
1.840000000000000000e+02 1.686681753543790592e+02 1.000000000000000056e-01
1.850000000000000000e+02 1.644047155494067169e+02 1.000000000000000056e-01
1.860000000000000000e+02 1.869895754353705684e+02 1.000000000000000056e-01
1.870000000000000000e+02 2.025260293436494976e+02 1.000000000000000056e-01
1.880000000000000000e+02 1.790927265508900348e+02 1.000000000000000056e-01
1.890000000000000000e+02 1.064934942516332228e+02 1.000000000000000056e-01
1.900000000000000000e+02 7.515436935434230747e+01 1.000000000000000056e-01
1.910000000000000000e+02 3.156362828543366845e+02 1.000000000000000056e-01
1.920000000000000000e+02 3.051520351831296125e+02 1.000000000000000056e-01
1.930000000000000000e+02 2.842902194430785130e+02 1.000000000000000056e-01
1.940000000000000000e+02 2.546929618209271666e+02 1.000000000000000056e-01
1.950000000000000000e+02 2.217581672257866217e+02 1.000000000000000056e-01
1.960000000000000000e+02 1.857778157048191758e+02 1.000000000000000056e-01
1.970000000000000000e+02 1.535217215524725418e+02 1.000000000000000056e-01
1.980000000000000000e+02 1.235361905526925455e+02 1.000000000000000056e-01
1.990000000000000000e+02 9.835553651619906645e+01 1.000000000000000056e-01
2.000000000000000000e+02 7.934587628621670774e+01 1.000000000000000056e-01
2.010000000000000000e+02 3.327139773899685338e+02 1.000000000000000056e-01
2.020000000000000000e+02 3.146318559129483106e+02 1.000000000000000056e-01
2.030000000000000000e+02 2.696670946149590691e+02 1.000000000000000056e-01
2.040000000000000000e+02 2.349783321485310239e+02 1.000000000000000056e-01
2.050000000000000000e+02 2.020214661891400567e+02 1.000000000000000056e-01
2.060000000000000000e+02 2.055751403263635382e+02 1.000000000000000056e-01
2.070000000000000000e+02 1.998153516413938178e+02 1.000000000000000056e-01
2.080000000000000000e+02 2.024579529472255786e+02 1.000000000000000056e-01
2.090000000000000000e+02 1.996126682615639538e+02 1.000000000000000056e-01
2.100000000000000000e+02 2.026675693720440847e+02 1.000000000000000056e-01
2.110000000000000000e+02 2.158670118027057470e+02 1.000000000000000056e-01
2.120000000000000000e+02 2.055297530415609515e+02 1.000000000000000056e-01
2.130000000000000000e+02 1.784239179246390847e+02 1.000000000000000056e-01
2.140000000000000000e+02 1.295425222227125346e+02 1.000000000000000056e-01
2.150000000000000000e+02 1.644887993079528314e+02 1.000000000000000056e-01
2.160000000000000000e+02 1.361590917184140324e+02 1.000000000000000056e-01
2.170000000000000000e+02 1.283587064731846397e+02 1.000000000000000056e-01
2.180000000000000000e+02 1.168629495289384863e+02 1.000000000000000056e-01
2.190000000000000000e+02 1.310260243482888995e+02 1.000000000000000056e-01
2.200000000000000000e+02 9.602605492327523962e+01 1.000000000000000056e-01
2.210000000000000000e+02 8.039891989963167873e+01 1.000000000000000056e-01
2.220000000000000000e+02 1.021934682045380782e+02 1.000000000000000056e-01
2.230000000000000000e+02 8.773447251579250405e+01 1.000000000000000056e-01
2.240000000000000000e+02 4.009666695617388399e+01 1.000000000000000056e-01
2.250000000000000000e+02 8.242994846770589845e+01 1.000000000000000056e-01
2.260000000000000000e+02 1.292828675991872558e+02 1.000000000000000056e-01
2.270000000000000000e+02 1.384456077134839234e+02 1.000000000000000056e-01
2.280000000000000000e+02 1.107478796328856561e+02 1.000000000000000056e-01
2.290000000000000000e+02 1.409198068029062370e+02 1.000000000000000056e-01
2.300000000000000000e+02 1.011352673828859423e+02 1.000000000000000056e-01
2.310000000000000000e+02 1.201759670726352880e+02 1.000000000000000056e-01
2.320000000000000000e+02 1.043399123968646762e+02 1.000000000000000056e-01
2.330000000000000000e+02 9.758316640254615493e+01 1.000000000000000056e-01
2.340000000000000000e+02 2.547192293934678844e+02 1.000000000000000056e-01
2.350000000000000000e+02 2.538596383406880079e+02 1.000000000000000056e-01
2.360000000000000000e+02 3.347707325021285669e+02 1.000000000000000056e-01
2.370000000000000000e+02 3.204468456087409436e+02 1.000000000000000056e-01
2.380000000000000000e+02 3.423825921004460611e+02 1.000000000000000056e-01
2.390000000000000000e+02 3.554936015789738804e+02 1.000000000000000056e-01
2.400000000000000000e+02 3.323446358427239034e+02 1.000000000000000056e-01
2.410000000000000000e+02 3.473843270755814956e+02 1.000000000000000056e-01
2.420000000000000000e+02 3.172071230110539659e+02 1.000000000000000056e-01
2.430000000000000000e+02 3.355999920776998238e+02 1.000000000000000056e-01
2.440000000000000000e+02 3.250191598888235944e+02 1.000000000000000056e-01
2.450000000000000000e+02 3.201222244976191860e+02 1.000000000000000056e-01
2.460000000000000000e+02 3.124040107203385901e+02 1.000000000000000056e-01
2.470000000000000000e+02 2.949088813475732991e+02 1.000000000000000056e-01
2.480000000000000000e+02 2.904176568244396890e+02 1.000000000000000056e-01
2.490000000000000000e+02 2.948515478798909157e+02 1.000000000000000056e-01
2.500000000000000000e+02 2.802117142248065420e+02 1.000000000000000056e-01
2.510000000000000000e+02 2.706500270368755992e+02 1.000000000000000056e-01
2.520000000000000000e+02 2.843249697902404591e+02 1.000000000000000056e-01
2.530000000000000000e+02 2.384398473362664390e+02 1.000000000000000056e-01
2.540000000000000000e+02 2.218505128444708419e+02 1.000000000000000056e-01
2.550000000000000000e+02 1.892441468621896092e+02 1.000000000000000056e-01
2.560000000000000000e+02 1.651884026394451155e+02 1.000000000000000056e-01
2.570000000000000000e+02 1.296888187759173547e+02 1.000000000000000056e-01
2.580000000000000000e+02 1.213869754945028916e+02 1.000000000000000056e-01
2.590000000000000000e+02 1.283561226544352110e+02 1.000000000000000056e-01
2.600000000000000000e+02 3.007115252622063508e+02 1.000000000000000056e-01
2.610000000000000000e+02 2.949836958093161456e+02 1.000000000000000056e-01
2.620000000000000000e+02 3.129630786439142298e+02 1.000000000000000056e-01
2.630000000000000000e+02 2.930288480750159010e+02 1.000000000000000056e-01
2.640000000000000000e+02 3.020487276840124196e+02 1.000000000000000056e-01
2.650000000000000000e+02 2.840889611852053349e+02 1.000000000000000056e-01
2.660000000000000000e+02 2.916592506663037057e+02 1.000000000000000056e-01
2.670000000000000000e+02 3.062086216115342268e+02 1.000000000000000056e-01
2.680000000000000000e+02 2.169691908832267018e+02 1.000000000000000056e-01
2.690000000000000000e+02 1.908177724025317445e+02 1.000000000000000056e-01
2.700000000000000000e+02 1.516501955953874869e+02 1.000000000000000056e-01
2.710000000000000000e+02 9.936587227896548313e+01 1.000000000000000056e-01
2.720000000000000000e+02 9.356661996939820369e+01 1.000000000000000056e-01
2.730000000000000000e+02 1.041356553754411749e+02 1.000000000000000056e-01
2.740000000000000000e+02 9.528436186814415976e+01 1.000000000000000056e-01
2.750000000000000000e+02 9.567705522829048448e+01 1.000000000000000056e-01
2.760000000000000000e+02 1.045884890326074839e+02 1.000000000000000056e-01
2.770000000000000000e+02 3.027564748452165304e+02 1.000000000000000056e-01
2.780000000000000000e+02 2.835602865617004227e+02 1.000000000000000056e-01
2.790000000000000000e+02 2.878878562941384871e+02 1.000000000000000056e-01
2.800000000000000000e+02 3.018682723322621655e+02 1.000000000000000056e-01
2.810000000000000000e+02 2.893361572979539460e+02 1.000000000000000056e-01
2.820000000000000000e+02 3.054362491481537631e+02 1.000000000000000056e-01
2.830000000000000000e+02 3.172804579619500487e+02 1.000000000000000056e-01
2.840000000000000000e+02 2.964765464662550016e+02 1.000000000000000056e-01
2.850000000000000000e+02 2.606305124860716091e+02 1.000000000000000056e-01
2.860000000000000000e+02 2.380593109637330542e+02 1.000000000000000056e-01
2.870000000000000000e+02 2.109706296178594300e+02 1.000000000000000056e-01
2.880000000000000000e+02 1.586891590470339963e+02 1.000000000000000056e-01
2.890000000000000000e+02 1.056024202746221476e+02 1.000000000000000056e-01
2.900000000000000000e+02 9.355022186904074033e+01 1.000000000000000056e-01
2.910000000000000000e+02 8.695668985728897837e+01 1.000000000000000056e-01
2.920000000000000000e+02 3.401184391081206826e+01 1.000000000000000056e-01
2.930000000000000000e+02 5.642334641454588962e+01 1.000000000000000056e-01
2.940000000000000000e+02 5.637400603513259512e+01 1.000000000000000056e-01
2.950000000000000000e+02 4.998453149160761910e+01 1.000000000000000056e-01
2.960000000000000000e+02 4.956709159941117804e+01 1.000000000000000056e-01
2.970000000000000000e+02 4.382052078695065234e+01 1.000000000000000056e-01
2.980000000000000000e+02 3.153659470323043479e+01 1.000000000000000056e-01
2.990000000000000000e+02 4.786095594157162481e+01 1.000000000000000056e-01
3.000000000000000000e+02 7.686282798087215440e+01 1.000000000000000056e-01
