1.000000000000000000e+01 1.412660368030155311e+01 1.000000000000000056e-01
1.100000000000000000e+01 1.923724914162985522e+00 1.000000000000000056e-01
1.200000000000000000e+01 2.308185545768484115e-01 1.000000000000000056e-01
1.300000000000000000e+01 2.717437791356883459e+00 1.000000000000000056e-01
1.400000000000000000e+01 2.522217587618201584e+00 1.000000000000000056e-01
1.500000000000000000e+01 1.996887603531893163e+01 1.000000000000000056e-01
1.600000000000000000e+01 6.887905564842422557e+00 1.000000000000000056e-01
1.700000000000000000e+01 1.082876187914789767e+01 1.000000000000000056e-01
1.800000000000000000e+01 7.500353270584707133e+00 1.000000000000000056e-01
1.900000000000000000e+01 2.002377133830100675e+01 1.000000000000000056e-01
2.000000000000000000e+01 1.888300925403223474e+01 1.000000000000000056e-01
2.100000000000000000e+01 9.011656712437849492e+00 1.000000000000000056e-01
2.200000000000000000e+01 3.945707387596616655e+00 1.000000000000000056e-01
2.300000000000000000e+01 3.722679334609881874e-01 1.000000000000000056e-01
2.400000000000000000e+01 5.633583533384477704e+00 1.000000000000000056e-01
2.500000000000000000e+01 2.109771785521202858e+01 1.000000000000000056e-01
2.600000000000000000e+01 1.022937947821653459e+01 1.000000000000000056e-01
2.700000000000000000e+01 3.350879092231108025e+00 1.000000000000000056e-01
2.800000000000000000e+01 1.377321367675412489e+01 1.000000000000000056e-01
2.900000000000000000e+01 1.463981462286485069e+01 1.000000000000000056e-01
3.000000000000000000e+01 1.518104600721583175e+01 1.000000000000000056e-01
3.100000000000000000e+01 2.252756975441048581e+01 1.000000000000000056e-01
3.200000000000000000e+01 5.425768149696990506e+00 1.000000000000000056e-01
3.300000000000000000e+01 2.229809921151883145e+00 1.000000000000000056e-01
3.400000000000000000e+01 2.372830951171262193e+00 1.000000000000000056e-01
3.500000000000000000e+01 6.612216010424134538e+00 1.000000000000000056e-01
3.600000000000000000e+01 1.378787184150612433e+01 1.000000000000000056e-01
3.700000000000000000e+01 1.827659948460341077e+00 1.000000000000000056e-01
3.800000000000000000e+01 3.339389466835401610e+00 1.000000000000000056e-01
3.900000000000000000e+01 6.286500259630361853e+00 1.000000000000000056e-01
4.000000000000000000e+01 3.802845222480529586e+00 1.000000000000000056e-01
4.100000000000000000e+01 1.215266957538032599e+00 1.000000000000000056e-01
4.200000000000000000e+01 2.504342770743809510e+00 1.000000000000000056e-01
4.300000000000000000e+01 1.121875666417070372e+00 1.000000000000000056e-01
4.400000000000000000e+01 1.360568883548927843e+01 1.000000000000000056e-01
4.500000000000000000e+01 3.369572553486619881e+00 1.000000000000000056e-01
4.600000000000000000e+01 1.668333588462285633e+00 1.000000000000000056e-01
4.700000000000000000e+01 2.519953021971938156e+00 1.000000000000000056e-01
4.800000000000000000e+01 1.849254370430268324e+01 1.000000000000000056e-01
4.900000000000000000e+01 1.684714349648699638e+01 1.000000000000000056e-01
5.000000000000000000e+01 2.257632336322736855e+00 1.000000000000000056e-01
5.100000000000000000e+01 4.535095881815316421e-01 1.000000000000000056e-01
5.200000000000000000e+01 2.177885820660895977e+00 1.000000000000000056e-01
5.300000000000000000e+01 4.762025735902372325e+00 1.000000000000000056e-01
5.400000000000000000e+01 4.486352088835509733e+00 1.000000000000000056e-01
5.500000000000000000e+01 1.231818948034356964e+01 1.000000000000000056e-01
5.600000000000000000e+01 1.114580082118970594e+01 1.000000000000000056e-01
5.700000000000000000e+01 8.808351553406703616e+00 1.000000000000000056e-01
5.800000000000000000e+01 4.150068192123556265e+00 1.000000000000000056e-01
5.900000000000000000e+01 7.944834262253514190e+00 1.000000000000000056e-01
6.000000000000000000e+01 1.100495718111930543e+01 1.000000000000000056e-01
6.100000000000000000e+01 4.916200358175752072e+00 1.000000000000000056e-01
6.200000000000000000e+01 8.125597833078725074e+00 1.000000000000000056e-01
6.300000000000000000e+01 1.114858274314913089e+01 1.000000000000000056e-01
6.400000000000000000e+01 1.296179386477887086e+01 1.000000000000000056e-01
6.500000000000000000e+01 1.524574870134038385e+01 1.000000000000000056e-01
6.600000000000000000e+01 1.660965676515349099e-01 1.000000000000000056e-01
6.700000000000000000e+01 1.767716301322641215e+01 1.000000000000000056e-01
6.800000000000000000e+01 5.948926759665724262e+00 1.000000000000000056e-01
6.900000000000000000e+01 1.590631418865723790e+00 1.000000000000000056e-01
7.000000000000000000e+01 2.665514068038806528e+00 1.000000000000000056e-01
7.100000000000000000e+01 2.281999843979902209e+01 1.000000000000000056e-01
7.200000000000000000e+01 2.201831665139621208e+01 1.000000000000000056e-01
7.300000000000000000e+01 1.932438602272411643e+01 1.000000000000000056e-01
7.400000000000000000e+01 1.496195245633018978e+01 1.000000000000000056e-01
7.500000000000000000e+01 1.095788602907259524e+01 1.000000000000000056e-01
7.600000000000000000e+01 2.306300110541024040e+01 1.000000000000000056e-01
7.700000000000000000e+01 2.096847267471886056e+01 1.000000000000000056e-01
7.800000000000000000e+01 2.197931083423545928e+01 1.000000000000000056e-01
7.900000000000000000e+01 1.956286378126110748e+01 1.000000000000000056e-01
8.000000000000000000e+01 1.686836411420156168e+01 1.000000000000000056e-01
8.100000000000000000e+01 1.824443457954009773e+01 1.000000000000000056e-01
8.200000000000000000e+01 1.940457875930786358e+01 1.000000000000000056e-01
8.300000000000000000e+01 1.638930649717304533e+01 1.000000000000000056e-01
8.400000000000000000e+01 2.119101260576571377e+01 1.000000000000000056e-01
8.500000000000000000e+01 2.203631976026929706e+01 1.000000000000000056e-01
8.600000000000000000e+01 2.337699832544471690e+01 1.000000000000000056e-01
8.700000000000000000e+01 1.273196827586063229e+01 1.000000000000000056e-01
8.800000000000000000e+01 1.383946515802162480e+01 1.000000000000000056e-01
8.900000000000000000e+01 3.774975520456350875e+00 1.000000000000000056e-01
9.000000000000000000e+01 1.088821418057489332e+01 1.000000000000000056e-01
9.100000000000000000e+01 2.642746941875439859e+01 1.000000000000000056e-01
9.200000000000000000e+01 2.548094554430486269e+01 1.000000000000000056e-01
9.300000000000000000e+01 2.664467023619423003e+01 1.000000000000000056e-01
9.400000000000000000e+01 2.718521593957801485e+01 1.000000000000000056e-01
9.500000000000000000e+01 2.618589416057132624e+01 1.000000000000000056e-01
9.600000000000000000e+01 2.220215333134404290e+01 1.000000000000000056e-01
9.700000000000000000e+01 1.850054896003517158e+01 1.000000000000000056e-01
9.800000000000000000e+01 1.479308485038718857e+01 1.000000000000000056e-01
9.900000000000000000e+01 1.127520691075734582e+01 1.000000000000000056e-01
1.000000000000000000e+02 9.653852294690029590e-01 1.000000000000000056e-01
1.010000000000000000e+02 3.314195133748933131e+01 1.000000000000000056e-01
1.020000000000000000e+02 2.831930806451967797e+01 1.000000000000000056e-01
1.030000000000000000e+02 2.745402504719752557e+01 1.000000000000000056e-01
1.040000000000000000e+02 3.153708266195621945e+01 1.000000000000000056e-01
1.050000000000000000e+02 2.512539547323277844e+01 1.000000000000000056e-01
1.060000000000000000e+02 2.973788940795511238e+01 1.000000000000000056e-01
1.070000000000000000e+02 2.837779203556199548e+01 1.000000000000000056e-01
1.080000000000000000e+02 3.213039422911636933e+01 1.000000000000000056e-01
1.090000000000000000e+02 2.543608860777439418e+01 1.000000000000000056e-01
1.100000000000000000e+02 2.358618988821598350e+01 1.000000000000000056e-01
1.110000000000000000e+02 2.798123940559149148e+01 1.000000000000000056e-01
1.120000000000000000e+02 2.621299072086686266e+01 1.000000000000000056e-01
1.130000000000000000e+02 5.014754459471353343e+00 1.000000000000000056e-01
1.140000000000000000e+02 4.784098234950063500e+01 1.000000000000000056e-01
1.150000000000000000e+02 5.170978097767520154e+01 1.000000000000000056e-01
1.160000000000000000e+02 5.647293359347727915e+01 1.000000000000000056e-01
1.170000000000000000e+02 5.683200507351389064e+01 1.000000000000000056e-01
1.180000000000000000e+02 5.658021661152503157e+01 1.000000000000000056e-01
1.190000000000000000e+02 5.647852818132404451e+01 1.000000000000000056e-01
1.200000000000000000e+02 5.595511824894781938e+01 1.000000000000000056e-01
1.210000000000000000e+02 5.667277337786362068e+01 1.000000000000000056e-01
1.220000000000000000e+02 5.794787596713098310e+01 1.000000000000000056e-01
1.230000000000000000e+02 5.686055720021315096e+01 1.000000000000000056e-01
1.240000000000000000e+02 5.637180642157524346e+01 1.000000000000000056e-01
1.250000000000000000e+02 5.825770825102701878e+01 1.000000000000000056e-01
1.260000000000000000e+02 5.799535097243641957e+01 1.000000000000000056e-01
1.270000000000000000e+02 5.530300262410268175e+01 1.000000000000000056e-01
1.280000000000000000e+02 5.747513621614303503e+01 1.000000000000000056e-01
1.290000000000000000e+02 5.738065781931928910e+01 1.000000000000000056e-01
1.300000000000000000e+02 9.194817731128303251e+00 1.000000000000000056e-01
1.310000000000000000e+02 6.427424443011135224e+01 1.000000000000000056e-01
1.320000000000000000e+02 1.184069527686643397e+01 1.000000000000000056e-01
1.330000000000000000e+02 6.480515285795959812e+01 1.000000000000000056e-01
1.340000000000000000e+02 6.113325021411834115e+01 1.000000000000000056e-01
1.350000000000000000e+02 5.615464136340354173e+01 1.000000000000000056e-01
1.360000000000000000e+02 5.088802130850407934e+01 1.000000000000000056e-01
1.370000000000000000e+02 4.602975797603124164e+01 1.000000000000000056e-01
1.380000000000000000e+02 4.152766758551876336e+01 1.000000000000000056e-01
1.390000000000000000e+02 6.540426315768370102e+01 1.000000000000000056e-01
1.400000000000000000e+02 6.480382184008048796e+01 1.000000000000000056e-01
1.410000000000000000e+02 6.086674217460058145e+01 1.000000000000000056e-01
1.420000000000000000e+02 6.298645992684722472e+01 1.000000000000000056e-01
1.430000000000000000e+02 6.184384706146776267e+01 1.000000000000000056e-01
1.440000000000000000e+02 6.356371472549811585e+01 1.000000000000000056e-01
1.450000000000000000e+02 5.493407447369069274e+01 1.000000000000000056e-01
1.460000000000000000e+02 5.793224563337427924e+01 1.000000000000000056e-01
1.470000000000000000e+02 5.946330586637098037e+01 1.000000000000000056e-01
1.480000000000000000e+02 5.423608914490595367e+01 1.000000000000000056e-01
1.490000000000000000e+02 5.711800906794484689e+01 1.000000000000000056e-01
1.500000000000000000e+02 5.526446842073159615e+01 1.000000000000000056e-01
1.510000000000000000e+02 5.877992073136042706e+01 1.000000000000000056e-01
1.520000000000000000e+02 4.993060299873648233e+01 1.000000000000000056e-01
1.530000000000000000e+02 4.629238828354966273e+01 1.000000000000000056e-01
1.540000000000000000e+02 5.190574071564421388e+01 1.000000000000000056e-01
1.550000000000000000e+02 4.860978017104008586e+01 1.000000000000000056e-01
1.560000000000000000e+02 6.404473305405001327e+01 1.000000000000000056e-01
1.570000000000000000e+02 5.943356813156477614e+01 1.000000000000000056e-01
1.580000000000000000e+02 5.483672658334710093e+01 1.000000000000000056e-01
1.590000000000000000e+02 6.223222097071879944e+01 1.000000000000000056e-01
1.600000000000000000e+02 4.871802350920573588e+01 1.000000000000000056e-01
1.610000000000000000e+02 4.556720509286942900e+01 1.000000000000000056e-01
1.620000000000000000e+02 5.061516666102298956e+01 1.000000000000000056e-01
1.630000000000000000e+02 3.933271699753366590e+01 1.000000000000000056e-01
1.640000000000000000e+02 3.631854538847129987e+01 1.000000000000000056e-01
1.650000000000000000e+02 7.795480213593083363e+01 1.000000000000000056e-01
1.660000000000000000e+02 7.715857236383824613e+01 1.000000000000000056e-01
1.670000000000000000e+02 7.492334331121163871e+01 1.000000000000000056e-01
1.680000000000000000e+02 7.233879956454045157e+01 1.000000000000000056e-01
1.690000000000000000e+02 6.991691109415836536e+01 1.000000000000000056e-01
1.700000000000000000e+02 6.749255626183155243e+01 1.000000000000000056e-01
1.710000000000000000e+02 6.528166391846464478e+01 1.000000000000000056e-01
1.720000000000000000e+02 6.299555970348326639e+01 1.000000000000000056e-01
1.730000000000000000e+02 5.673880985367495811e+01 1.000000000000000056e-01
1.740000000000000000e+02 5.119147230946566651e+01 1.000000000000000056e-01
1.750000000000000000e+02 5.570042098436601918e+01 1.000000000000000056e-01
1.760000000000000000e+02 5.795499778524192180e+01 1.000000000000000056e-01
1.770000000000000000e+02 5.815394918713099770e+01 1.000000000000000056e-01
1.780000000000000000e+02 5.796205658170525510e+01 1.000000000000000056e-01
1.790000000000000000e+02 5.731781501586077354e+01 1.000000000000000056e-01
1.800000000000000000e+02 5.522831187969246258e+01 1.000000000000000056e-01
1.810000000000000000e+02 5.457807829516765707e+01 1.000000000000000056e-01
1.820000000000000000e+02 4.471370185760665095e+01 1.000000000000000056e-01
1.830000000000000000e+02 4.067615128035546945e+01 1.000000000000000056e-01
1.840000000000000000e+02 4.592901712993423757e+01 1.000000000000000056e-01
1.850000000000000000e+02 1.704988586670845763e+01 1.000000000000000056e-01
1.860000000000000000e+02 2.738340115331592628e+01 1.000000000000000056e-01
1.870000000000000000e+02 3.687680825745589175e+01 1.000000000000000056e-01
1.880000000000000000e+02 3.386096565562499450e+01 1.000000000000000056e-01
1.890000000000000000e+02 3.077579836288417425e+01 1.000000000000000056e-01
1.900000000000000000e+02 2.779750924855658312e+01 1.000000000000000056e-01
1.910000000000000000e+02 4.309446694819985879e+01 1.000000000000000056e-01
1.920000000000000000e+02 4.254927284800214693e+01 1.000000000000000056e-01
1.930000000000000000e+02 4.167240361350528843e+01 1.000000000000000056e-01
1.940000000000000000e+02 4.111090309623565275e+01 1.000000000000000056e-01
1.950000000000000000e+02 4.040239496358213245e+01 1.000000000000000056e-01
1.960000000000000000e+02 3.980896987505229134e+01 1.000000000000000056e-01
1.970000000000000000e+02 3.926553254646996294e+01 1.000000000000000056e-01
1.980000000000000000e+02 3.874087083859495806e+01 1.000000000000000056e-01
1.990000000000000000e+02 2.964809748323603955e+01 1.000000000000000056e-01
2.000000000000000000e+02 2.744786326578030966e+01 1.000000000000000056e-01
2.010000000000000000e+02 2.445800241977741507e+01 1.000000000000000056e-01
2.020000000000000000e+02 2.051022605072620664e+01 1.000000000000000056e-01
2.030000000000000000e+02 1.626335667384689998e+01 1.000000000000000056e-01
2.040000000000000000e+02 1.165251446025336257e+01 1.000000000000000056e-01
2.050000000000000000e+02 5.838382173018027999e+01 1.000000000000000056e-01
2.060000000000000000e+02 5.782851766723855036e+01 1.000000000000000056e-01
2.070000000000000000e+02 5.802254955692285421e+01 1.000000000000000056e-01
2.080000000000000000e+02 3.618367170315102044e+01 1.000000000000000056e-01
2.090000000000000000e+02 3.556756296064883571e+01 1.000000000000000056e-01
2.100000000000000000e+02 3.517626443511241519e+01 1.000000000000000056e-01
2.110000000000000000e+02 3.461846946363110789e+01 1.000000000000000056e-01
2.120000000000000000e+02 3.414973297545610365e+01 1.000000000000000056e-01
2.130000000000000000e+02 3.389844962029996367e+01 1.000000000000000056e-01
2.140000000000000000e+02 3.260082524557536487e+01 1.000000000000000056e-01
2.150000000000000000e+02 3.215589239843677660e+01 1.000000000000000056e-01
2.160000000000000000e+02 3.096773848554676078e+01 1.000000000000000056e-01
2.170000000000000000e+02 8.984078763320610506e+00 1.000000000000000056e-01
2.180000000000000000e+02 7.906764321603170664e+00 1.000000000000000056e-01
2.190000000000000000e+02 1.173921998700393665e+01 1.000000000000000056e-01
2.200000000000000000e+02 1.573859342196008093e+01 1.000000000000000056e-01
2.210000000000000000e+02 1.242902158779008381e+01 1.000000000000000056e-01
2.220000000000000000e+02 1.642264984045747411e+01 1.000000000000000056e-01
2.230000000000000000e+02 1.315499715645758627e+01 1.000000000000000056e-01
2.240000000000000000e+02 1.713030857825607001e+01 1.000000000000000056e-01
2.250000000000000000e+02 1.535033246359559911e+01 1.000000000000000056e-01
2.260000000000000000e+02 1.797759016479666272e+01 1.000000000000000056e-01
2.270000000000000000e+02 2.212689265387189153e+01 1.000000000000000056e-01
2.280000000000000000e+02 1.824288069550599900e+01 1.000000000000000056e-01
2.290000000000000000e+02 2.233626067800522463e+01 1.000000000000000056e-01
2.300000000000000000e+02 1.713773705197376529e+01 1.000000000000000056e-01
2.310000000000000000e+02 2.118354826757269294e+01 1.000000000000000056e-01
2.320000000000000000e+02 1.596486255208962213e+01 1.000000000000000056e-01
2.330000000000000000e+02 1.996612868264893947e+01 1.000000000000000056e-01
2.340000000000000000e+02 1.990201375771327008e+01 1.000000000000000056e-01
2.350000000000000000e+02 2.155700498840965906e+01 1.000000000000000056e-01
2.360000000000000000e+02 2.053136545793717005e+01 1.000000000000000056e-01
2.370000000000000000e+02 2.003242058946846882e+01 1.000000000000000056e-01
2.380000000000000000e+02 2.037073712677742776e+01 1.000000000000000056e-01
2.390000000000000000e+02 1.988278776123883773e+01 1.000000000000000056e-01
2.400000000000000000e+02 2.046460336087694643e+01 1.000000000000000056e-01
2.410000000000000000e+02 2.000364214565670551e+01 1.000000000000000056e-01
2.420000000000000000e+02 2.155887854225814237e+01 1.000000000000000056e-01
2.430000000000000000e+02 2.318855407323309592e+01 1.000000000000000056e-01
2.440000000000000000e+02 2.072395442895518514e+01 1.000000000000000056e-01
2.450000000000000000e+02 2.146878734508690201e+01 1.000000000000000056e-01
2.460000000000000000e+02 2.000169716932382613e+01 1.000000000000000056e-01
2.470000000000000000e+02 2.095971133209625492e+01 1.000000000000000056e-01
2.480000000000000000e+02 1.639981867362964607e+01 1.000000000000000056e-01
2.490000000000000000e+02 2.043870933775549759e+01 1.000000000000000056e-01
2.500000000000000000e+02 1.424848378942503935e+01 1.000000000000000056e-01
2.510000000000000000e+02 2.227008218441827125e+01 1.000000000000000056e-01
2.520000000000000000e+02 1.793867479146479482e+01 1.000000000000000056e-01
2.530000000000000000e+02 2.197843736686219174e+01 1.000000000000000056e-01
2.540000000000000000e+02 1.774577487546606491e+01 1.000000000000000056e-01
2.550000000000000000e+02 2.175416411691803020e+01 1.000000000000000056e-01
2.560000000000000000e+02 2.592045841158582320e+01 1.000000000000000056e-01
2.570000000000000000e+02 2.120603678670309122e+01 1.000000000000000056e-01
2.580000000000000000e+02 2.535290252951295642e+01 1.000000000000000056e-01
2.590000000000000000e+02 5.871508824861241749e+01 1.000000000000000056e-01
2.600000000000000000e+02 5.536565265361976174e+01 1.000000000000000056e-01
2.610000000000000000e+02 5.641088153393442184e+01 1.000000000000000056e-01
2.620000000000000000e+02 5.757567648802574212e+01 1.000000000000000056e-01
2.630000000000000000e+02 5.824523461923067202e+01 1.000000000000000056e-01
2.640000000000000000e+02 5.846778201773840067e+01 1.000000000000000056e-01
2.650000000000000000e+02 5.917371939573413187e+01 1.000000000000000056e-01
2.660000000000000000e+02 5.929129182083777039e+01 1.000000000000000056e-01
2.670000000000000000e+02 6.085875664625283576e+01 1.000000000000000056e-01
2.680000000000000000e+02 2.643357928812846325e+01 1.000000000000000056e-01
2.690000000000000000e+02 2.921127544141045362e+01 1.000000000000000056e-01
2.700000000000000000e+02 2.716215244237841731e+01 1.000000000000000056e-01
2.710000000000000000e+02 3.106373478386871412e+01 1.000000000000000056e-01
2.720000000000000000e+02 3.456507403135999112e+01 1.000000000000000056e-01
2.730000000000000000e+02 3.204246591086595686e+01 1.000000000000000056e-01
2.740000000000000000e+02 3.554467954131754936e+01 1.000000000000000056e-01
2.750000000000000000e+02 3.403895188010030637e+01 1.000000000000000056e-01
2.760000000000000000e+02 3.761713735148062199e+01 1.000000000000000056e-01
2.770000000000000000e+02 3.595601574900951647e+01 1.000000000000000056e-01
2.780000000000000000e+02 3.960637915282924126e+01 1.000000000000000056e-01
2.790000000000000000e+02 4.276383238044680724e+01 1.000000000000000056e-01
2.800000000000000000e+02 3.996391713736528573e+01 1.000000000000000056e-01
2.810000000000000000e+02 3.749791114137015313e+01 1.000000000000000056e-01
2.820000000000000000e+02 3.275328273319598793e+01 1.000000000000000056e-01
2.830000000000000000e+02 3.441803371426003366e+01 1.000000000000000056e-01
2.840000000000000000e+02 2.877377779887477161e+01 1.000000000000000056e-01
2.850000000000000000e+02 3.299602541424711433e+01 1.000000000000000056e-01
2.860000000000000000e+02 7.109611986799933447e+01 1.000000000000000056e-01
2.870000000000000000e+02 7.086657564249199481e+01 1.000000000000000056e-01
2.880000000000000000e+02 6.978894543494199354e+01 1.000000000000000056e-01
2.890000000000000000e+02 6.883149495813195529e+01 1.000000000000000056e-01
2.900000000000000000e+02 6.829075966167530964e+01 1.000000000000000056e-01
2.910000000000000000e+02 6.784710348928757639e+01 1.000000000000000056e-01
2.920000000000000000e+02 6.681021744950086827e+01 1.000000000000000056e-01
2.930000000000000000e+02 6.573254166564451850e+01 1.000000000000000056e-01
2.940000000000000000e+02 6.714145528474556102e+01 1.000000000000000056e-01
2.950000000000000000e+02 5.399645134888986320e+01 1.000000000000000056e-01
2.960000000000000000e+02 4.734712919386736729e+01 1.000000000000000056e-01
2.970000000000000000e+02 3.631825702622685981e+01 1.000000000000000056e-01
2.980000000000000000e+02 3.015757343459898721e+01 1.000000000000000056e-01
2.990000000000000000e+02 6.561270269776740349e+01 1.000000000000000056e-01
3.000000000000000000e+02 6.518761719447583403e+01 1.000000000000000056e-01
