1.000000000000000000e+01 6.336168468511095853e+01 1.000000000000000056e-01
1.100000000000000000e+01 4.417120471531279691e+01 1.000000000000000056e-01
1.200000000000000000e+01 3.002838323957166722e+01 1.000000000000000056e-01
1.300000000000000000e+01 5.304991031441954874e+01 1.000000000000000056e-01
1.400000000000000000e+01 3.847806704962181357e+01 1.000000000000000056e-01
1.500000000000000000e+01 2.771403996303661188e+01 1.000000000000000056e-01
1.600000000000000000e+01 2.194790344703733354e+01 1.000000000000000056e-01
1.700000000000000000e+01 2.593545507313956477e+01 1.000000000000000056e-01
1.800000000000000000e+01 2.218108854959778498e+01 1.000000000000000056e-01
1.900000000000000000e+01 2.221655541356335561e+01 1.000000000000000056e-01
2.000000000000000000e+01 1.703125765139361647e+01 1.000000000000000056e-01
2.100000000000000000e+01 1.705863060667161335e+01 1.000000000000000056e-01
2.200000000000000000e+01 1.555668833320578415e+01 1.000000000000000056e-01
2.300000000000000000e+01 1.653252631344139445e+01 1.000000000000000056e-01
2.400000000000000000e+01 1.843690519015535756e+01 1.000000000000000056e-01
2.500000000000000000e+01 2.173420974375039805e+01 1.000000000000000056e-01
2.600000000000000000e+01 1.643303166412964700e+01 1.000000000000000056e-01
2.700000000000000000e+01 1.781114125206613608e+01 1.000000000000000056e-01
2.800000000000000000e+01 9.708150924748856880e+00 1.000000000000000056e-01
2.900000000000000000e+01 1.809595391516540985e+01 1.000000000000000056e-01
3.000000000000000000e+01 4.460227897837441446e+00 1.000000000000000056e-01
3.100000000000000000e+01 2.571928324314831116e+01 1.000000000000000056e-01
3.200000000000000000e+01 3.077843562472344274e+01 1.000000000000000056e-01
3.300000000000000000e+01 1.775836341928970796e+01 1.000000000000000056e-01
3.400000000000000000e+01 2.214193760931857469e+01 1.000000000000000056e-01
3.500000000000000000e+01 3.025652183516194782e+01 1.000000000000000056e-01
3.600000000000000000e+01 3.278677952486759750e+01 1.000000000000000056e-01
3.700000000000000000e+01 3.722852308357869333e+01 1.000000000000000056e-01
3.800000000000000000e+01 3.248645712822877840e+01 1.000000000000000056e-01
3.900000000000000000e+01 1.773429341861827524e+01 1.000000000000000056e-01
4.000000000000000000e+01 3.145351321966795055e+01 1.000000000000000056e-01
4.100000000000000000e+01 1.962603601019072030e+01 1.000000000000000056e-01
4.200000000000000000e+01 8.807015429773958459e+00 1.000000000000000056e-01
4.300000000000000000e+01 3.146062631069901627e+01 1.000000000000000056e-01
4.400000000000000000e+01 9.837381700279518526e+00 1.000000000000000056e-01
4.500000000000000000e+01 2.047126808378916962e+01 1.000000000000000056e-01
4.600000000000000000e+01 3.066778784307632932e+01 1.000000000000000056e-01
4.700000000000000000e+01 1.131958470511895598e+01 1.000000000000000056e-01
4.800000000000000000e+01 2.028549261069883869e+01 1.000000000000000056e-01
4.900000000000000000e+01 3.581081903994452631e+01 1.000000000000000056e-01
5.000000000000000000e+01 3.193465605996377477e+01 1.000000000000000056e-01
5.100000000000000000e+01 2.675674542051394411e+01 1.000000000000000056e-01
5.200000000000000000e+01 1.460159513372536821e+01 1.000000000000000056e-01
5.300000000000000000e+01 5.592077839730457356e+00 1.000000000000000056e-01
5.400000000000000000e+01 4.613771822562284797e+00 1.000000000000000056e-01
5.500000000000000000e+01 1.849523755538029945e+00 1.000000000000000056e-01
5.600000000000000000e+01 2.029956455537103466e+00 1.000000000000000056e-01
5.700000000000000000e+01 1.138199729215284606e+01 1.000000000000000056e-01
5.800000000000000000e+01 3.382822043302464721e+01 1.000000000000000056e-01
5.900000000000000000e+01 3.193693193153143994e+01 1.000000000000000056e-01
6.000000000000000000e+01 3.185008984312708691e+01 1.000000000000000056e-01
6.100000000000000000e+01 2.603377898395277512e+01 1.000000000000000056e-01
6.200000000000000000e+01 2.270484671469961313e+01 1.000000000000000056e-01
6.300000000000000000e+01 2.003909765563604495e+01 1.000000000000000056e-01
6.400000000000000000e+01 2.924184076167880875e+01 1.000000000000000056e-01
6.500000000000000000e+01 3.278513602366701463e+01 1.000000000000000056e-01
6.600000000000000000e+01 2.831263641102147233e+01 1.000000000000000056e-01
6.700000000000000000e+01 3.160386378514880334e+01 1.000000000000000056e-01
6.800000000000000000e+01 3.426219998373721864e+01 1.000000000000000056e-01
6.900000000000000000e+01 3.046740312594801026e+01 1.000000000000000056e-01
7.000000000000000000e+01 3.313940390045774365e+01 1.000000000000000056e-01
7.100000000000000000e+01 3.113180867010884612e+01 1.000000000000000056e-01
7.200000000000000000e+01 3.204061341215800240e+01 1.000000000000000056e-01
7.300000000000000000e+01 2.815442155229095533e+01 1.000000000000000056e-01
7.400000000000000000e+01 3.091058781571543435e+01 1.000000000000000056e-01
7.500000000000000000e+01 3.111302114270318597e+01 1.000000000000000056e-01
7.600000000000000000e+01 2.953860161374132076e+01 1.000000000000000056e-01
7.700000000000000000e+01 2.789159698394847098e+01 1.000000000000000056e-01
7.800000000000000000e+01 2.851121435745196209e+01 1.000000000000000056e-01
7.900000000000000000e+01 3.095076284703407410e+01 1.000000000000000056e-01
8.000000000000000000e+01 4.773595030495109626e+01 1.000000000000000056e-01
8.100000000000000000e+01 4.610485650810721836e+01 1.000000000000000056e-01
8.200000000000000000e+01 4.439484464454938717e+01 1.000000000000000056e-01
8.300000000000000000e+01 4.264093960732691357e+01 1.000000000000000056e-01
8.400000000000000000e+01 4.077531332239315986e+01 1.000000000000000056e-01
8.500000000000000000e+01 4.105531656331596224e+01 1.000000000000000056e-01
8.600000000000000000e+01 3.931996594393119437e+01 1.000000000000000056e-01
8.700000000000000000e+01 2.801026795925633550e+01 1.000000000000000056e-01
8.800000000000000000e+01 3.041544618398391719e+01 1.000000000000000056e-01
8.900000000000000000e+01 2.654348046761652569e+01 1.000000000000000056e-01
9.000000000000000000e+01 2.900108557038023349e+01 1.000000000000000056e-01
9.100000000000000000e+01 2.495871718568467656e+01 1.000000000000000056e-01
9.200000000000000000e+01 2.746610970014980069e+01 1.000000000000000056e-01
9.300000000000000000e+01 2.295882949040187881e+01 1.000000000000000056e-01
9.400000000000000000e+01 2.597659963716996145e+01 1.000000000000000056e-01
9.500000000000000000e+01 2.830931174781391491e+01 1.000000000000000056e-01
9.600000000000000000e+01 4.053895243844696239e+01 1.000000000000000056e-01
9.700000000000000000e+01 3.884480350620152223e+01 1.000000000000000056e-01
9.800000000000000000e+01 3.754948016118292031e+01 1.000000000000000056e-01
9.900000000000000000e+01 3.618486983772849186e+01 1.000000000000000056e-01
1.000000000000000000e+02 3.473502355194369073e+01 1.000000000000000056e-01
1.010000000000000000e+02 3.316899607713470743e+01 1.000000000000000056e-01
1.020000000000000000e+02 3.148254209133486370e+01 1.000000000000000056e-01
1.030000000000000000e+02 3.037897681805167949e+01 1.000000000000000056e-01
1.040000000000000000e+02 2.323354371909224270e+01 1.000000000000000056e-01
1.050000000000000000e+02 1.914997425695177569e+01 1.000000000000000056e-01
1.060000000000000000e+02 2.138572953075782479e+01 1.000000000000000056e-01
1.070000000000000000e+02 1.779289334257614641e+01 1.000000000000000056e-01
1.080000000000000000e+02 2.021280599903602138e+01 1.000000000000000056e-01
1.090000000000000000e+02 1.652495757518119035e+01 1.000000000000000056e-01
1.100000000000000000e+02 1.900985389550913851e+01 1.000000000000000056e-01
1.110000000000000000e+02 2.057348360040124291e+01 1.000000000000000056e-01
1.120000000000000000e+02 1.888637632759395402e+01 1.000000000000000056e-01
1.130000000000000000e+02 2.722267720729446339e+01 1.000000000000000056e-01
1.140000000000000000e+02 2.566240976860678913e+01 1.000000000000000056e-01
1.150000000000000000e+02 2.398067360500366618e+01 1.000000000000000056e-01
1.160000000000000000e+02 2.217295312101127180e+01 1.000000000000000056e-01
1.170000000000000000e+02 3.845465959593668970e+01 1.000000000000000056e-01
1.180000000000000000e+02 4.007803436825038546e+01 1.000000000000000056e-01
1.190000000000000000e+02 3.963289665034433540e+01 1.000000000000000056e-01
1.200000000000000000e+02 3.791359594626824503e+01 1.000000000000000056e-01
1.210000000000000000e+02 3.130690385283009292e+01 1.000000000000000056e-01
1.220000000000000000e+02 2.773577218212735218e+01 1.000000000000000056e-01
1.230000000000000000e+02 2.418113838513363234e+01 1.000000000000000056e-01
1.240000000000000000e+02 2.569013638170324754e+01 1.000000000000000056e-01
1.250000000000000000e+02 2.314067340925990379e+01 1.000000000000000056e-01
1.260000000000000000e+02 2.469856582538191603e+01 1.000000000000000056e-01
1.270000000000000000e+02 2.642390223946507177e+01 1.000000000000000056e-01
1.280000000000000000e+02 2.378327760105248956e+01 1.000000000000000056e-01
1.290000000000000000e+02 2.570408935911286719e+01 1.000000000000000056e-01
1.300000000000000000e+02 2.401696077578003852e+01 1.000000000000000056e-01
1.310000000000000000e+02 2.595185105445034779e+01 1.000000000000000056e-01
1.320000000000000000e+02 2.431555039248979710e+01 1.000000000000000056e-01
1.330000000000000000e+02 2.626372032570343151e+01 1.000000000000000056e-01
1.340000000000000000e+02 2.518715693843212478e+01 1.000000000000000056e-01
1.350000000000000000e+02 2.714503339719587771e+01 1.000000000000000056e-01
1.360000000000000000e+02 2.849287890415696722e+01 1.000000000000000056e-01
1.370000000000000000e+02 2.932885311477393131e+01 1.000000000000000056e-01
1.380000000000000000e+02 3.083384443155910404e+01 1.000000000000000056e-01
1.390000000000000000e+02 3.000967631940216052e+01 1.000000000000000056e-01
1.400000000000000000e+02 2.908236210575239511e+01 1.000000000000000056e-01
1.410000000000000000e+02 2.830569343517882075e+01 1.000000000000000056e-01
1.420000000000000000e+02 2.738401457605232636e+01 1.000000000000000056e-01
1.430000000000000000e+02 2.663453596283838110e+01 1.000000000000000056e-01
1.440000000000000000e+02 2.563004649102866495e+01 1.000000000000000056e-01
1.450000000000000000e+02 2.490130977927748646e+01 1.000000000000000056e-01
1.460000000000000000e+02 2.463084193696149171e+01 1.000000000000000056e-01
1.470000000000000000e+02 3.112544137641120656e+01 1.000000000000000056e-01
1.480000000000000000e+02 2.711191837804896920e+01 1.000000000000000056e-01
1.490000000000000000e+02 2.450935769551655952e+01 1.000000000000000056e-01
1.500000000000000000e+02 2.471286599174082710e+01 1.000000000000000056e-01
1.510000000000000000e+02 2.483883021299521587e+01 1.000000000000000056e-01
1.520000000000000000e+02 2.504974025216541023e+01 1.000000000000000056e-01
1.530000000000000000e+02 2.515436347159826624e+01 1.000000000000000056e-01
1.540000000000000000e+02 2.515309152075235488e+01 1.000000000000000056e-01
1.550000000000000000e+02 2.526942449545915892e+01 1.000000000000000056e-01
1.560000000000000000e+02 1.436630460415154431e+01 1.000000000000000056e-01
1.570000000000000000e+02 1.307662857116840449e+01 1.000000000000000056e-01
1.580000000000000000e+02 1.170381240225445652e+01 1.000000000000000056e-01
1.590000000000000000e+02 1.021627711996947596e+01 1.000000000000000056e-01
1.600000000000000000e+02 8.593220536695957534e+00 1.000000000000000056e-01
1.610000000000000000e+02 6.854279750198501553e+00 1.000000000000000056e-01
1.620000000000000000e+02 4.950543741717983615e+00 1.000000000000000056e-01
1.630000000000000000e+02 2.843525533025022867e+00 1.000000000000000056e-01
1.640000000000000000e+02 4.938742985637087912e-01 1.000000000000000056e-01
1.650000000000000000e+02 2.641154026316404924e+01 1.000000000000000056e-01
1.660000000000000000e+02 2.646740787619712876e+01 1.000000000000000056e-01
1.670000000000000000e+02 2.638868067846588517e+01 1.000000000000000056e-01
1.680000000000000000e+02 2.610631981753994424e+01 1.000000000000000056e-01
1.690000000000000000e+02 2.569380669784558791e+01 1.000000000000000056e-01
1.700000000000000000e+02 2.505942196162339286e+01 1.000000000000000056e-01
1.710000000000000000e+02 2.427508853200112426e+01 1.000000000000000056e-01
1.720000000000000000e+02 2.324622473064129835e+01 1.000000000000000056e-01
1.730000000000000000e+02 2.941860517003038566e+01 1.000000000000000056e-01
1.740000000000000000e+02 2.982760774093430101e+01 1.000000000000000056e-01
1.750000000000000000e+02 3.034477216150739309e+01 1.000000000000000056e-01
1.760000000000000000e+02 3.133332294908603899e+01 1.000000000000000056e-01
1.770000000000000000e+02 3.240015109519791281e+01 1.000000000000000056e-01
1.780000000000000000e+02 3.249694621906106562e+01 1.000000000000000056e-01
1.790000000000000000e+02 3.346213425655476925e+01 1.000000000000000056e-01
1.800000000000000000e+02 3.361029375757639315e+01 1.000000000000000056e-01
1.810000000000000000e+02 3.470954274280643403e+01 1.000000000000000056e-01
1.820000000000000000e+02 2.464360432383569588e+01 1.000000000000000056e-01
1.830000000000000000e+02 2.344820954027195015e+01 1.000000000000000056e-01
1.840000000000000000e+02 2.202497140961130739e+01 1.000000000000000056e-01
1.850000000000000000e+02 2.027426573784829245e+01 1.000000000000000056e-01
1.860000000000000000e+02 2.322505096081346920e+01 1.000000000000000056e-01
1.870000000000000000e+02 2.153330015912461448e+01 1.000000000000000056e-01
1.880000000000000000e+02 2.045339875974976351e+01 1.000000000000000056e-01
1.890000000000000000e+02 1.928182969918683654e+01 1.000000000000000056e-01
1.900000000000000000e+02 1.803350944727595717e+01 1.000000000000000056e-01
1.910000000000000000e+02 2.159766702326108145e+01 1.000000000000000056e-01
1.920000000000000000e+02 1.676280148986336727e+01 1.000000000000000056e-01
1.930000000000000000e+02 1.952044352161659546e+01 1.000000000000000056e-01
1.940000000000000000e+02 4.251530977566734038e+01 1.000000000000000056e-01
1.950000000000000000e+02 4.285458699792651061e+01 1.000000000000000056e-01
1.960000000000000000e+02 4.422861261516208486e+01 1.000000000000000056e-01
1.970000000000000000e+02 4.464904931138125477e+01 1.000000000000000056e-01
1.980000000000000000e+02 4.498919299960484608e+01 1.000000000000000056e-01
1.990000000000000000e+02 3.892765895297996792e+01 1.000000000000000056e-01
2.000000000000000000e+02 3.783820933024544075e+01 1.000000000000000056e-01
2.010000000000000000e+02 3.666798208526009262e+01 1.000000000000000056e-01
2.020000000000000000e+02 3.554557172833730760e+01 1.000000000000000056e-01
2.030000000000000000e+02 3.420635701591760380e+01 1.000000000000000056e-01
2.040000000000000000e+02 3.257725462553528217e+01 1.000000000000000056e-01
2.050000000000000000e+02 3.115495338515571078e+01 1.000000000000000056e-01
2.060000000000000000e+02 3.010184311155266457e+01 1.000000000000000056e-01
2.070000000000000000e+02 2.897588142068464023e+01 1.000000000000000056e-01
2.080000000000000000e+02 4.839526728608584705e+01 1.000000000000000056e-01
2.090000000000000000e+02 4.868779432263836071e+01 1.000000000000000056e-01
2.100000000000000000e+02 4.871501224389333373e+01 1.000000000000000056e-01
2.110000000000000000e+02 4.966647192584891002e+01 1.000000000000000056e-01
2.120000000000000000e+02 5.008323844674096392e+01 1.000000000000000056e-01
2.130000000000000000e+02 5.006748278564747068e+01 1.000000000000000056e-01
2.140000000000000000e+02 5.049422551449760022e+01 1.000000000000000056e-01
2.150000000000000000e+02 5.055939579525937688e+01 1.000000000000000056e-01
2.160000000000000000e+02 5.099498072946518334e+01 1.000000000000000056e-01
2.170000000000000000e+02 5.152116866811952178e+01 1.000000000000000056e-01
2.180000000000000000e+02 5.257759964718264456e+01 1.000000000000000056e-01
2.190000000000000000e+02 4.948471097848189970e+01 1.000000000000000056e-01
2.200000000000000000e+02 4.531515595708019362e+01 1.000000000000000056e-01
2.210000000000000000e+02 4.115810026414003886e+01 1.000000000000000056e-01
2.220000000000000000e+02 3.706998949471406490e+01 1.000000000000000056e-01
2.230000000000000000e+02 3.314029629214132200e+01 1.000000000000000056e-01
2.240000000000000000e+02 2.876539588690839366e+01 1.000000000000000056e-01
2.250000000000000000e+02 8.292856390038542358e+00 1.000000000000000056e-01
2.260000000000000000e+02 9.632849040021740805e+00 1.000000000000000056e-01
2.270000000000000000e+02 7.750874838232020281e+00 1.000000000000000056e-01
2.280000000000000000e+02 9.183936709778594221e+00 1.000000000000000056e-01
2.290000000000000000e+02 6.607209489940885305e+00 1.000000000000000056e-01
2.300000000000000000e+02 8.131185322151724293e+00 1.000000000000000056e-01
2.310000000000000000e+02 2.088141421879536352e+01 1.000000000000000056e-01
2.320000000000000000e+02 1.865050423849137573e+01 1.000000000000000056e-01
2.330000000000000000e+02 5.918500595205335202e+01 1.000000000000000056e-01
2.340000000000000000e+02 5.916466695265206965e+01 1.000000000000000056e-01
2.350000000000000000e+02 5.972593220234155353e+01 1.000000000000000056e-01
2.360000000000000000e+02 5.971663466347434479e+01 1.000000000000000056e-01
2.370000000000000000e+02 6.114906324244532243e+01 1.000000000000000056e-01
2.380000000000000000e+02 6.154631803381266764e+01 1.000000000000000056e-01
2.390000000000000000e+02 6.200665336427134378e+01 1.000000000000000056e-01
2.400000000000000000e+02 6.241471135485449651e+01 1.000000000000000056e-01
2.410000000000000000e+02 6.264446327722866670e+01 1.000000000000000056e-01
2.420000000000000000e+02 6.306068080298775413e+01 1.000000000000000056e-01
2.430000000000000000e+02 6.332425604431696797e+01 1.000000000000000056e-01
2.440000000000000000e+02 6.438552892609241951e+01 1.000000000000000056e-01
2.450000000000000000e+02 6.433385471924192700e+01 1.000000000000000056e-01
2.460000000000000000e+02 6.419225561609981412e+01 1.000000000000000056e-01
2.470000000000000000e+02 6.393168564849253244e+01 1.000000000000000056e-01
2.480000000000000000e+02 6.347372119447720706e+01 1.000000000000000056e-01
2.490000000000000000e+02 6.289772735691226302e+01 1.000000000000000056e-01
2.500000000000000000e+02 6.209546151291588245e+01 1.000000000000000056e-01
2.510000000000000000e+02 4.317913761910903503e+01 1.000000000000000056e-01
2.520000000000000000e+02 4.178472743142302903e+01 1.000000000000000056e-01
2.530000000000000000e+02 4.023300095043826730e+01 1.000000000000000056e-01
2.540000000000000000e+02 3.847756003774002664e+01 1.000000000000000056e-01
2.550000000000000000e+02 3.652188857205657513e+01 1.000000000000000056e-01
2.560000000000000000e+02 3.448233543448102267e+01 1.000000000000000056e-01
2.570000000000000000e+02 3.239839215513662651e+01 1.000000000000000056e-01
2.580000000000000000e+02 3.030326703025111001e+01 1.000000000000000056e-01
2.590000000000000000e+02 2.824697039365998563e+01 1.000000000000000056e-01
2.600000000000000000e+02 6.921652651959142588e+01 1.000000000000000056e-01
2.610000000000000000e+02 6.963926725523121775e+01 1.000000000000000056e-01
2.620000000000000000e+02 6.960776700341601497e+01 1.000000000000000056e-01
2.630000000000000000e+02 7.002891237426662485e+01 1.000000000000000056e-01
2.640000000000000000e+02 6.477748096261029787e+01 1.000000000000000056e-01
2.650000000000000000e+02 5.805835199687960113e+01 1.000000000000000056e-01
2.660000000000000000e+02 5.297502085588811838e+01 1.000000000000000056e-01
2.670000000000000000e+02 4.855601930880187922e+01 1.000000000000000056e-01
2.680000000000000000e+02 3.713480959297696415e+01 1.000000000000000056e-01
2.690000000000000000e+02 3.316869187067369040e+01 1.000000000000000056e-01
2.700000000000000000e+02 2.878033779911759638e+01 1.000000000000000056e-01
2.710000000000000000e+02 2.451686996677618424e+01 1.000000000000000056e-01
2.720000000000000000e+02 2.040093973414228756e+01 1.000000000000000056e-01
2.730000000000000000e+02 1.633744230287177146e+01 1.000000000000000056e-01
2.740000000000000000e+02 1.239590891435737774e+01 1.000000000000000056e-01
2.750000000000000000e+02 8.940599306706575433e+00 1.000000000000000056e-01
2.760000000000000000e+02 5.856333507085796697e+00 1.000000000000000056e-01
2.770000000000000000e+02 1.159626334346931742e+00 1.000000000000000056e-01
2.780000000000000000e+02 1.245310069132557595e+00 1.000000000000000056e-01
2.790000000000000000e+02 2.148816273756322115e+00 1.000000000000000056e-01
2.800000000000000000e+02 2.275871397897124560e+00 1.000000000000000056e-01
2.810000000000000000e+02 7.671391780212087497e+01 1.000000000000000056e-01
2.820000000000000000e+02 7.559367630506842772e+01 1.000000000000000056e-01
2.830000000000000000e+02 7.441865763608501538e+01 1.000000000000000056e-01
2.840000000000000000e+02 7.333346943647184446e+01 1.000000000000000056e-01
2.850000000000000000e+02 7.204572084078507999e+01 1.000000000000000056e-01
2.860000000000000000e+02 5.301080453430935080e+01 1.000000000000000056e-01
2.870000000000000000e+02 5.126525384009025288e+01 1.000000000000000056e-01
2.880000000000000000e+02 3.106192262681965133e+01 1.000000000000000056e-01
2.890000000000000000e+02 2.654713410319758893e+01 1.000000000000000056e-01
2.900000000000000000e+02 2.953180602164582069e+01 1.000000000000000056e-01
2.910000000000000000e+02 2.555114823551928183e+01 1.000000000000000056e-01
2.920000000000000000e+02 2.853059282142348252e+01 1.000000000000000056e-01
2.930000000000000000e+02 2.453629353697465021e+01 1.000000000000000056e-01
2.940000000000000000e+02 2.751013934848419140e+01 1.000000000000000056e-01
2.950000000000000000e+02 2.266453250511551332e+01 1.000000000000000056e-01
2.960000000000000000e+02 2.568318099489939144e+01 1.000000000000000056e-01
2.970000000000000000e+02 2.863876077101572193e+01 1.000000000000000056e-01
2.980000000000000000e+02 2.453978845499835870e+01 1.000000000000000056e-01
2.990000000000000000e+02 2.749350011315936015e+01 1.000000000000000056e-01
3.000000000000000000e+02 2.379906211709118224e+01 1.000000000000000056e-01
